6000252
5993202
5997432
6005286
6000798
6008328
5994084
9010374
5998518
5993262
5993118
5997834
6004296
5986836
6001800
8999526
5991276
6011568
5994642
6006420
5996952
5998890
5995320
5995890
5989776
5999046
6001356
6002112
5995482
5999118
6001530
6003894
5998110
9004962
5998836
5999148
6002856
5995836
6004104
6002634
5998176
6004590
5994870
5994456
6007452
6001896
5997510
6002712
5992806
5998104
6003240
6000594
5995830
6005112
6000858
6003606
8994834
5999694
5995278
5996994
6000384
5998860
5999910
6007014
5999298
6000444
5995326
6001476
14995572
6005058
5994870
6000528
5998980
6001728
5991666
6001284
6002418
6005760
6004452
5996946
6006810
5994804
6001260
6008760
6001098
6002754
6000210
5996598
5994876
5996964
5993826
6003474
5999232
6000180
6006270
6001308
6005256
6000768
5992008
6000114
6005568
5996238
5997594
5995470
5999028
6006426
6000108
5991930
5995290
5997216
5996790
6008808
6004812
6001860
5999208
6000216
6002844
6004044
5994936
5996160
6001440
6002520
5995494
26992998
5998626
6006192
6002178
6007056
6004818
5996940
6000906
5997708
5993310
5996898
5999580
5994816
6000792
5995698
5997810
5996022
5994522
6000828
6002754
27005736
5987646
5997954
5992374
5994786
5996598
5994846
5996346
6002328
6000300
6001554
5994336
5997870
27019254
5998614
5999196
5994462
5999886
5992686
6001770
5998698
6001110
5993766
5996364
6000492
5996658
5998500
5993100
6002124
5999574
6002184
5998260
5997144
6000570
5992182
5995824
6006810
6003684
6002106
5995140
5993958
6000210
5995644
5999364
6003252
5998866
5997924
5998194
26992038
6000666
5997996
6000630
6001614
6005316
5995308
6006300
6006792
5994948
5994072
6000894
5994738
5998560
5997474
5994066
6008496
5997876
5994456
5999508
5998470
8997450
5998764
6001614
6003078
5999832
5996412
6000324
9004500
6001422
6002094
6001962
5997936
5997336
6005274
26999244
6005532
5993496
6001128
5998722
6004050
5999250
5994906
5998620
5999856
5996580
15005976
6001830
6007176
5993562
14993880
6003954
6000168
6005376
5988450
6005340
6004146
6000396
5995662
6003090
6002616
5997348
5994408
6004986
5995578
5999730
5997324
6000270
5996988
5990286
6005112
6002730
5999424
6001146
5996556
6001692
6006756
6002364
6006576
5999928
6001812
6004320
5988546
6003630
5997816
6001566
5998560
5995848
5993160
6002094
5996574
5995848
5991150
6004464
15009534
5998806
5994678
5996082
5989638
6002562
6003762
5997378
6008190
5993814
5991414
6005130
5997150
6006450
5999478
14994624
6001854
5997084
5999076
6003480
5996724
5997330
5996058
5995548
6004170
5992428
5994570
5992266
5999070
6002214
6004704
6003660
6001860
6006336
6000486
6001200
6000162
5992674
6000792
6003384
6002640
6001650
5995938
6001866
6002268
6005028
6002868
6003504
6005892
5996070
5994288
6000504
5996652
6002304
5991570
5997774
6000468
6004650
6001656
5996412
5997690
5992854
5996964
5999058
5997792
5991750
5999304
26983602
8996244
5999058
5998392
5990718
5995212
6000414
6000126
5995068
5998458
5998026
5998878
8997624
5999508
5995554
5997348
5997414
5997126
6002028
8995008
6002556
5993226
5998836
5998284
5995968
6003756
5995920
5997654
5999736
5993574
5997582
5998890
6000348
6003564
5989356
6000216
5998212
5998248
6005670
6002976
6007224
6001440
6001140
6000192
5996400
6004440
5999796
5995158
5999178
6007518
5997324
5999382
6000606
6005640
5996058
6002772
6003846
5988048
6000612
14997654
6003912
5993544
5993340
14986716
6007158
5992938
6004836
5994396
5995902
5994966
5992434
6002118
5997408
6003462
6001848
6001248
5998980
6006750
5998152
6004716
6003252
6000006
5999796
6005496
5996442
6005676
6002286
5998548
8996004
6002952
5986794
5998530
5995560
6007992
5997126
5996328
5994534
6003372
6002658
6008970
6006090
5999280
5991210
5999064
6001806
5993838
6001278
14979564
6005328
5994006
5997672
5998722
26994786
5997936
6001560
5999832
6004674
5997810
6000372
5995818
5993328
5993280
5995176
6010056
5994888
5993022
6001206
5996880
5997756
6003462
5995092
5991408
6003498
5995320
5998794
6005838
6002688
6005604
6003204
6001836
5996052
9002442
5998002
6005838
6000084
6003018
6002784
6003498
5997858
6002184
5998584
5997576
6002676
5999448
26973642
5999406
5993562
6002808
5994798
5993700
5995692
6000384
6000660
6006030
5996484
5994960
5994204
5998566
5999592
5993292
6001932
6000948
6001962
5999328
5996904
6003702
6002460
6007464
6002094
5989422
5999472
5996640
6003672
5995452
5994306
5996232
6002082
5990202
5999676
6002304
6000606
5996496
8992968
5996238
5994168
5993424
5993808
6003054
6002952
5998614
5999580
5990436
5998590
5994438
5997270
5998236
6007770
5996358
5998404
6003306
5995956
5986950
6001164
6007026
5999826
6003816
5994030
6003690
6003114
5998626
5999472
5998092
5997162
5995920
8992368
5998962
8996430
5999448
5991348
5998968
6008778
6005544
6001026
6002502
5997210
5996976
6000414
5998632
6001410
6000402
6001404
6000432
6003510
6001374
5996382
5999202
6001980
5995272
15005304
5998230
5993394
6005640
6007566
5999376
5994822
6001200
6003768
14999658
5999040
6001254
6004980
6003204
6002940
5996772
6001950
5999520
6003678
6004788
5999766
6000504
26994570
5994600
5998278
5999100
6001278
6007062
6000324
5997156
6005106
6012978
6000480
14990598
6000762
6002844
6000000
5995344
15001890
8988936
5999070
5994030
5995530
5999328
5998740
5997378
5999106
6003624
5998866
6001194
5993658
6000792
5996328
6008274
5998278
5999376
6004704
5999652
5995836
5998950
6001404
27006318
5999832
5996874
26961348
5998950
6000882
6001884
5994606
6001074
5998062
6001536
5997306
5999208
6004248
6002052
5996274
6005652
5995458
5998698
5991492
5996922
5993466
5997246
6005250
5996256
6006414
6004644
6001698
5998440
5998068
6007350
6006930
6006858
6002352
15013032
5994462
5994066
5998170
6004362
5997192
5998416
5996646
5996316
5997288
6002130
5988906
5996082
6002472
5999808
5995890
5998878
6002376
5999664
6001242
6002268
5997846
6003156
6002508
6002862
9005280
6005346
6003816
6001218
6002568
6002154
5997858
6003444
5993808
6003420
5994012
5999784
5995584
14993760
6002550
6003792
5999580
6003720
6001896
5998896
5996478
5998308
8997588
5998686
5995338
5997546
5999670
5998452
6003450
5994870
5999682
6002328
6002070
6001500
8997786
5999940
6002514
6000468
5996886
6000024
5998206
6000966
6002370
5993196
6000060
6000210
5996388
5999544
8998716
6007404
5994960
6001428
5998584
5998446
6004842
6004608
5998464
5998698
5997294
6005724
5996130
5995452
5999856
5997294
6007848
5992902
5999274
6000504
6003162
27000264
5998548
5997498
5997072
5999616
5990898
6004350
6003792
6002226
5984982
6008952
5994942
5997450
6000438
6000150
5998056
5999532
5994168
6005772
6845994
5995332
5985186
6003612
5996250
5994588
6008928
6000048
6006222
5997810
6006906
6004164
6005928
5999340
6005400
5997948
6001500
5999196
5992146
5994378
6001182
6000210
5997468
5993874
5993586
6002400
6000354
6003132
5998446
5995218
6007404
5996652
5993550
5993334
5999502
5996088
5998818
5997204
8998362
5995776
5989632
6005148
5997666
6004104
5999784
6000804
6004242
6001602
5995818
5987274
5998632
5996682
5997270
6002046
5994756
6001518
6006240
6004098
5996508
6004188
26999682
5999256
5995254
6002376
6001314
6001860
6000096
5998422
5995362
6004470
5994768
5997804
5999118
5995068
9000330
5997804
5999388
6003846
6006966
5996826
5995500
6002460
5995950
6002802
5998956
6008058
5998608
5997948
5997558
5998926
6002778
8995122
5994654
6003288
5996484
5999652
5998794
14995704
5999004
6005250
6003006
5996406
5988210
6003372
5999178
5992050
5995668
6000516
5997432
5996700
5996856
5994090
6000474
6005880
5997372
5996268
5997558
5998248
5993532
5998074
5994810
5996076
5999748
5997798
6003204
6002670
5998734
6004086
5990904
5996304
27001104
5999574
5993484
6005100
5996334
6002154
5997786
6001800
5996670
27000138
6000948
5998542
5998614
6004350
5999268
5999694
5997342
5998362
5998974
5994774
6003000
5997366
6001878
6000948
6003006
6002442
5997684
5998908
6003240
5999034
27020070
5998140
6001920
6000726
15002070
5999298
6003540
6000684
6008802
6003438
6001200
6002826
5996088
5994402
5998860
6006570
5996154
5992014
5996586
5999268
5996580
5992230
6002670
5996214
5992374
6007422
6000036
5993376
15003012
5998566
5995644
5999664
9003018
6000120
5991198
5996832
5992650
5997372
5999874
5999136
6001968
5997396
5997624
5999712
6000138
27021786
6004518
5992446
5998938
5998290
5997450
5998992
6004398
6008922
5999058
5996970
5998698
5998806
6002538
6006264
5995146
5995782
5997642
5997774
6000234
5995680
5999844
5997816
6004332
6001872
6005166
6002274
5992788
6005808
5997876
5995032
6000474
6003642
5995500
5995710
5998488
6004284
5990064
5999178
5996322
6000594
5991996
6004602
27007134
5993544
6006372
5994738
5998386
6000558
8996898
5997288
5991792
6006270
6001998
5997846
5990382
6003930
6000288
5988180
6002340
6004122
14985996
6001314
5997306
8986728
6005640
15011562
5998398
9002844
5998596
5998524
5999772
6003246
5999574
5997036
6003012
5998806
8995926
9003786
5989074
6005964
14999976
6002598
6000138
6002346
5996664
5992404
6008784
5997840
5999118
5999610
6000840
6004026
5999556
5994948
6001998
5990196
6006996
6003456
6001938
6000156
6004446
5995860
5997906
5997606
5993130
6006894
6000954
5995428
5995476
27013002
5994156
5994840
6000642
8999574
6000984
5995164
5998464
14995404
6002628
27017778
6002052
5999976
5995536
5998554
5995080
6000438
6000186
5990448
6001302
15022680
5993556
5999436
6000150
5992404
26996022
6003198
5996988
5989806
5994444
5994246
5999448
5996202
5993412
5993430
5994036
5989224
5997642
5991936
6003264
26982420
6009000
6006756
5992608
5999322
6002298
6001584
6003270
5996664
6000522
6006438
5998890
6005028
6001836
6000588
5985288
5997114
6004794
5993502
5998656
6007854
5998734
5995884
8998254
5999916
5998650
5994864
6002286
5998500
5999514
15010590
5998002
14990292
5998284
5993886
5995818
5999634
5999952
5997264
5998590
5994894
6002478
5999220
6001920
6003270
9005970
6003108
6002484
9008574
5995392
6004062
5992908
5996112
6005676
5999508
6002370
5994792
6002346
5996292
5996880
5996106
6006768
6000696
5998842
5990496
5997606
6004920
5999118
5994684
6003474
6001248
5999928
5997654
6005286
5994390
5996934
5993028
6004008
26986404
6002184
5998146
5992968
5999130
6002490
5999478
8996604
5995644
5992362
5999832
6000780
5999028
26999424
5999598
9002478
6002292
5999724
26993754
6000900
8997234
6002244
6001320
5998710
5995746
5998044
5998056
5998590
5994516
5999838
6003714
6002142
5994450
5998482
5999340
5993088
5999502
6003654
5997120
6000090
5996154
6001482
5999592
5998662
5996358
6004464
6000276
5998566
6003330
6007158
5992068
6003828
5995968
5999682
6004218
6002106
5992242
5998680
14991864
5999994
6002070
6003138
6007236
5994048
5988258
5998116
8998842
5996094
6009936
6004734
5992578
5998092
5997336
6000348
6005784
6004146
6000666
6000426
5998758
5998368
5991708
5997840
6010860
5998302
9002772
6001224
5999580
6000210
5994978
6004002
5996892
6003108
5997882
6004224
5993550
6007896
5996100
5998122
5999124
8996184
6002472
5998566
6006870
5990826
5993886
6001482
6004704
6001092
6002964
5997192
5998176
5998800
5996016
5996454
5994990
6001818
5999196
6003810
5996988
5990268
6004062
6000090
5989164
5997612
5997186
8998680
5993268
5992584
6006744
5995806
8995734
9004392
5992980
5995794
5989368
5990670
5995614
6004944
9004170
6003354
5999076
5997804
5996154
5994906
5997720
5998626
5996400
14996520
5999142
5994084
5999088
6003720
5997330
5995794
6001296
6003444
5999592
6001908
5994336
6006066
6000210
6003438
6000720
6003348
5996448
6005232
6002268
6000468
6002592
8995248
5995026
6002610
6002622
6000720
5999802
6003630
5997108
27001590
5992320
5992116
27000696
5993694
5999124
5996448
5999208
5999724
5999880
5998884
5993880
5996874
5996244
5994720
5994186
5998290
5993568
5999604
5995104
6004782
5998482
5999250
14995398
6000834
5997474
6006036
6004554
5994822
5995782
5997384
5998368
6003186
6003438
6001524
6002880
6003516
6007584
6002292
6006174
5995098
6004596
5994978
6015504
6007392
5998710
6000654
6003120
9009570
6003390
6003024
5999466
5997060
5998074
5995200
6003402
5993112
6000144
5999844
6000384
5999358
5994696
5995056
6001122
6005448
5993496
5999802
6007512
6001278
5995578
5996310
5998476
5998326
5999208
6002892
6001290
5994228
6004236
6013056
6003342
5998290
5996040
6002298
6001800
5999814
5998050
6001386
5994918
6000336
5987238
6004206
5999106
5999934
5998614
6002298
5996514
5993622
6007494
5998728
6005706
5992128
5998458
6004788
5995548
14990382
6008118
5998674
5993016
6001290
5990514
5993130
5993160
5990766
6000228
6004002
5999034
5995008
6001356
6000348
5987586
5998956
5998440
5994756
5998392
6000948
5993628
6009684
27026022
5992164
5999388
6004632
6001272
5997948
5996304
5993382
6002352
5996022
5998020
5999802
5999220
6000108
5998620
6000792
5998992
5995068
5993964
5993304
5999478
5994870
5998386
9002340
5993022
6003726
6001722
6001260
5993754
26992524
5998524
5997672
5991636
5998020
6004260
6003354
5999646
5993424
5999226
6000414
6008574
27011676
6004926
5994132
5998686
6002376
5997144
5995356
5993760
6007032
5997846
8995218
5991096
6003894
6008364
5999268
27002418
6007278
27001920
9002778
6001554
26993634
6000312
6005244
5994948
6007344
5997144
6002160
5994024
6001104
5995020
5997486
5998998
6000072
5998170
5998188
6009174
5996640
5992122
5999862
5998500
6004146
5992794
6010290
9000966
6006996
6004320
5999028
6006324
5994972
6005982
6003114
5997054
5994120
6000882
5994384
14988960
5995668
15000690
5997600
6001746
5999514
5999916
6003270
5998938
6000576
5999094
5998974
5997852
6004146
5993634
5993598
5996358
6001512
6005454
27005136
5995530
5999862
5999532
5998716
5997966
6000438
5997120
5995530
5995872
5999052
5998788
6000264
5993544
6002202
6005886
5999154
5989116
5998596
5997552
5995506
6004254
6003846
6000180
6001896
9000576
5999856
5996400
6004014
6001890
5994060
5998104
6004200
5999544
27006852
5997570
5997708
5999844
6008352
5992890
5995200
6001248
6006720
5999634
5990220
5998056
15000684
5996562
5996544
5995284
6010506
5999112
5997048
6003576
6001122
5997888
5994480
6000846
5995224
6006990
6003420
15004704
6008298
6002796
5995752
6002790
5994936
6004182
6007692
5998428
5998176
5991996
5997828
5995992
9008460
5995212
6001950
5999100
6002028
5999208
5999370
5996868
6003702
5997846
5998182
5999784
5992866
5996046
5995692
5989338
6002064
6005718
5996016
6004740
6006606
6006834
6001512
5997288
6005142
6007548
5992266
5989296
26986218
5998146
6001224
5995458
5998152
5998008
5996664
5999388
5996568
6002136
5997258
5992536
6005340
5996976
5996874
5996808
6011952
6006426
6004638
5998578
5997852
6003222
5999874
5989968
5998344
5998272
6000864
5999178
5998344
8993490
6007068
6001974
5994090
6001458
6001308
5995434
5998116
5995188
6003636
5997858
6001122
5991330
9006396
6008382
5999538
6004626
6000138
5995626
6003300
5991792
5999004
5992518
5998092
6002580
6006900
5999718
5999322
6008118
5990466
6004242
6008538
5998542
6003156
5993358
6004806
5995626
5997312
6001896
8992902
6002982
6001104
6001158
5998566
5997204
6000378
5997732
5995068
6003846
5998992
5995146
5995968
6001392
6001506
5999334
5996094
6001254
5996664
6000942
5995194
5998200
14988354
5995956
6005346
6000642
5997342
6000984
6005658
6000948
5997276
5989992
8993994
5997066
5998632
5999250
6005004
5998362
5995824
5999754
5993868
6001878
6006258
5995956
6006750
6001338
6003270
5998914
5997732
6001224
5996388
5998572
6004242
5996784
5994000
5993502
5994978
6001182
5996850
6001266
5992266
6007680
5997486
5999784
6004578
5998920
5998596
5999220
5993976
6002874
6002712
6003078
5996142
5999712
5999640
5995644
5997744
5995410
6005940
6000474
5989914
5994642
6003480
6006264
6003120
6008718
6002478
5999016
6000522
6000360
5999358
5997750
14998014
5998980
6002856
6008616
6005868
5993934
5995746
5994576
5992008
5992458
5996988
5995644
5999046
6004692
6005922
6006372
5998890
6003390
5989662
5998686
5992002
5996328
6002388
5997030
5991630
6000174
14995314
6005538
5997810
5999502
6002712
5991516
5999334
6006588
6001362
6001992
6001848
6001590
5996460
5997234
6002430
8998974
5997060
6001056
6002226
6003168
5998992
5995884
5997054
5993532
5997852
6005160
6000924
6007092
6002562
5999130
5998008
5998038
5995308
5997450
6001650
5996478
5993928
6002100
5993658
8999430
5998056
6002010
6006108
5994888
6005046
6010938
6000834
6007296
5998728
6005376
6002832
5997738
6003606
5986728
5998620
5996016
6003276
5991624
8996604
5991090
5994564
5998944
5998290
6004098
6001614
5996808
6003966
5997030
5992050
5997942
5998926
6008154
6002838
5999358
6006018
5998344
6001812
5996574
6002406
6000756
5995320
5998986
5997372
5992668
5994216
6002496
5994972
5995632
5993976
5999694
5995842
5998038
6002580
6000942
5999844
5993568
6004722
5999958
5997978
6003198
6010368
5999448
5998866
6001518
5996988
5994288
5999586
6006222
5995548
5998740
5996538
5992170
6000354
6001722
6003150
5998080
6005850
6001140
6002826
5994738
6005004
14989866
5999346
6001842
5998722
15011628
5996544
5997006
5998164
6002994
5999838
6003654
5996280
6006450
15000018
5996814
6003714
5989002
5995506
6000894
14984424
5999808
6002796
6004422
6000792
5997354
5993340
6001194
5997408
6002040
6004152
5997612
5990562
6007008
5995182
5995050
5994564
6010506
6000672
5996142
5999406
14985840
5994612
6002550
6002556
6000438
6000174
5994486
6003174
5989434
5997480
5997048
6000864
5997912
5995848
6003090
5998698
5998032
5998242
5998956
5997360
6001500
5996694
6007116
6005088
6001218
6006468
6001530
5997816
5995518
26993790
5992512
6000324
5997054
5995434
6005862
5994504
5991942
5996928
6002802
6002214
5998404
5995230
5995092
6004872
5996976
5994234
5993160
5995734
6004986
5992716
6003228
5995692
5995152
5999136
5994270
6006270
5993826
6003894
5997462
6000324
5999118
5997936
6004800
5999316
5996520
5995890
5994570
6003180
5996970
5998206
6005778
6004002
6000042
5989110
6002076
5998998
6005688
5995308
5999592
5998488
5983392
6006546
5988426
26983572
6004494
6003756
6002004
6008868
6002166
5999034
6003516
5997036
6004206
5995980
6001836
5993976
5995584
5999010
6006774
5992158
5989992
5996394
8990916
14998320
5995584
6006204
5994828
5997570
5999664
6006372
5996916
6009252
5997498
5995086
6004500
6003864
6003312
5990640
6000126
5999994
6003558
14996226
5998344
5996850
6000330
5996340
6000924
5999892
5994492
6000660
6001542
6004950
6001272
6001038
5996022
5998128
6008682
5994114
6004146
5994540
5998536
6000756
9002610
5998398
6001164
5995812
6002628
6000048
5999658
6004056
6003960
6005940
6003588
5999010
5988678
9000150
5996472
6001122
6004038
6003174
5998884
5995788
6005412
5996802
6004068
5998086
5991492
5999964
5992698
6006936
5992152
5995980
5997120
6000612
5997912
5994972
5997228
5993928
5998686
6000294
6000714
5997132
5997078
6001590
5996454
5997240
5994804
6001686
8997198
8998146
5996232
6001692
5995182
6000078
6001470
6004572
6005946
5998470
6001026
6001254
6000342
6002136
5997522
6004662
5997126
5992464
5998668
5996814
5993304
5998560
14991414
5994438
6003918
6005082
5990256
6002748
5997294
6001176
6002418
6002472
6006156
5998782
5999250
6002976
6004332
6000156
6004926
5999850
6009156
5991828
26974806
6005376
5999238
6001002
6000372
6002514
6003522
6001200
6007206
5998926
6004068
6000450
6001650
6000306
5999898
6000504
6001638
5998518
5997642
5999532
8997840
5991786
5994114
6002508
5996550
5995338
6001032
6000936
5996748
8998650
5999604
8997990
6004260
5997462
6004680
5994366
6000594
5995212
5994006
6004512
6000972
5999352
5995026
5996298
5995272
5993556
5998146
5997732
6005568
6003312
5998980
5994366
6005142
6003522
5999292
5997780
5989728
5990310
6002370
5997330
5990040
5995362
5995338
5998590
6000588
5997684
6000264
6000792
6000540
6003198
5992326
6005766
5996310
6002910
6001704
5996928
15007206
5994990
5996754
6001008
5998842
5995308
5993232
5996064
6001572
27007038
6000228
5993532
6003690
5999592
6003444
5999718
6001278
5998164
8995008
6004896
5988198
5995740
6004926
6004674
5993556
5993250
5993424
5989218
6005280
5993994
5997696
6003684
6001326
6002964
6001356
6003324
5995536
5995608
6004476
6004236
5992518
5988258
5995848
6005046
5997972
5996262
6003078
6002100
6000366
5995248
5995530
5994162
6005928
5999214
6001392
5996730
15006252
6002514
5992956
5996880
6003564
5997894
5996358
5997036
5995992
5997414
5994090
5993136
6003198
5996304
6006228
6003312
5995596
5998098
5995788
26994060
8996742
6000978
6003660
6008466
6002040
6003912
5994468
5998236
6002478
5997918
6004590
5997504
5999190
6003018
6005742
6003078
6012336
6001614
5998908
5991012
5995116
6002874
5996820
5998422
5999706
5996892
5996406
5996646
6005580
5999892
5991474
6003192
6000210
5996526
6001800
6001860
15002136
6003912
6000978
5999802
5997444
6003642
6001836
6004068
6001860
8989296
5997828
6001014
6004998
5997060
6009630
5999580
6002934
6005790
6003546
5995050
6001506
5993076
5997204
6003276
5999328
8997102
6009222
6000144
5998386
6003318
5996004
14997090
6000228
6002100
6002112
5997444
26992326
6003864
5995098
6004926
5996730
5999502
5995230
14999802
27013590
5992074
6004038
5997858
6000570
6001584
6005370
6005856
6004530
6003216
5995548
6000522
5999562
6000402
6013896
5997846
5999814
6030540
5997216
6001344
5991456
6005562
6007902
5991132
5996538
5999220
5997444
6007482
6003384
5997492
6002940
5996202
6002016
5993124
5998980
8996826
6001026
5993478
6005958
6002400
6000162
6000690
5993196
5995782
6007770
6000066
5998422
5994564
5995650
5997456
6000930
5999502
5989794
5998230
14995368
5992764
6007236
6001986
26981136
9002058
6010014
6002226
6003456
6004824
5998536
5998044
6006192
6006378
5998386
5999346
5998884
6000954
6001206
5995518
5999748
5992758
5997738
5992344
6000816
5996940
5998890
5993904
5998638
6004062
6001884
5999598
6002358
6001914
5994846
5999016
6003564
6004290
6004848
6004380
5993460
6002178
6006630
5998626
6000726
5994840
5991834
5996970
6000948
6003870
5996850
6002496
5993568
6010722
5996622
6000534
6005094
5995326
5991690
5999382
5997504
6001224
6004710
5991654
5997708
5997948
6007182
6002508
5993352
5992734
5998908
6009606
5993616
5998530
5995212
6000570
5996976
5997696
27012762
5995272
6007446
5992692
6004122
5997768
5998950
6002742
6007572
5992032
5990904
6001158
5997636
6003342
6000360
5996928
14999346
6000804
6021000
6003444
5992536
5999466
5995686
6007086
8995794
5997312
6009738
5998878
5995542
6000060
5995842
5998230
5997750
5993256
6004746
8994114
5995032
6002478
6002850
5998434
6003786
5992614
6000858
5996832
27016158
6003276
6003090
6001230
5993226
5995530
5998530
6002988
6001122
5998878
5996154
6002952
6002340
6001464
6003384
5993028
5993724
5998872
5998854
6004932
8995812
6002544
5994894
5995386
6000936
5995080
6002484
6003300
6001104
5997534
15005634
6005226
5999046
5986338
6004386
5996958
5999100
5996628
6001452
6000342
6001110
5998782
6002904
6005628
5996010
5999778
6003846
6001788
5997846
5996958
5997186
6003882
5993754
6004200
6003048
6001824
5992206
5994834
5991336
5997294
6003594
5997246
5998686
5993340
6003750
6002298
6007434
6002802
5997486
5998020
5994216
6003720
15000216
5992704
5996010
5995272
6008154
5992248
5999610
6000318
5994852
6003696
6004212
6000522
5997312
6000486
6002214
6006966
5998470
5998788
5995836
6003930
8993790
5996598
6004788
6003216
5998422
5993328
5997150
6005052
5990448
6006696
8995092
5999196
5999238
5988690
6003072
15003192
5989212
5997102
5997816
6000774
6002982
6000312
5998164
5994984
6002622
5999472
5995074
6001332
5996184
5998038
5998800
6001692
6002628
6003342
6005004
6003930
9002796
6001686
5998572
5996268
6001392
6011022
5995056
5994660
6003336
6006966
6002730
6003984
8992326
5998560
5996358
5998320
5995404
6000408
6000042
5992896
5990616
5997672
6001434
6006516
5997894
6000732
6001014
5995938
6001818
5998566
6002184
6002040
5999760
5999430
5997234
6006120
6003840
5995584
5996448
8993160
6005130
5999046
6002190
5999538
5987124
6001362
5997834
5999694
5998800
6000984
5997192
6004002
6008526
6002178
6001230
5993856
6003054
6000924
6011022
5998500
5996448
8994744
6000072
15008124
5998056
5996166
6005040
5994564
6003780
15004494
5998644
6002424
6008676
5996292
5998986
6003390
5998716
6004380
5994978
6003534
6003066
5996202
6003474
6000354
6001050
6003984
5999670
5997108
5999748
6000192
6000030
6000810
6003780
5994996
8994948
5994942
6005262
5994810
5993628
6000384
5995422
8993550
6002964
5997588
6000576
6009438
5995392
6001932
14993598
5993130
5987826
6005346
5997096
5992524
5995830
6001698
5989728
5991132
6003108
6005322
6002142
6000798
6004482
5997516
5991648
5993484
5999778
6001860
5996748
5993616
5999016
6006396
6001146
6002892
6001560
5997606
5999052
5994738
5992410
6007176
5998830
5998404
5997174
5993706
5993508
5996928
6005172
5993844
5996658
5992692
6011688
6000462
5995392
5998476
6000072
5998932
6004212
6001206
6002136
5994492
6002964
5997144
5995356
5996940
5999832
5997348
5998314
6001656
9006228
5999400
5993904
5996334
5993316
5998974
6001002
5998662
8997720
6004716
5997072
5993790
5993400
5992782
5995470
6000096
5994078
6002598
5995464
6006390
6000186
6002010
5994684
6001836
5988942
5997360
6002262
6000768
5994372
5994984
5992518
6002448
9006774
5995572
6002190
5996328
6005394
6002262
5998464
6005070
5999562
6001374
5990670
6000708
6001842
6001734
6003210
5998212
5995122
5995746
5999838
6005190
5999238
8990292
5997102
5999238
5997486
6000270
5996706
6005604
6000006
5991420
5993166
5995056
5997102
6002676
5994822
5995848
9005454
5994246
6004410
5996844
6001920
6001998
6000822
5999466
5999544
5995554
6011316
6000354
6001074
5990982
5996202
5998314
5996058
6000348
5999628
6003000
6001290
27017676
5995104
6000036
6000750
5999130
14993892
6004650
5996088
5997246
27002232
6008646
5993676
5999352
5994360
5997450
6006192
5998452
6003534
27008862
6009576
5999130
5993142
9006204
6002724
5999718
5998932
5994372
6001380
6006834
5997558
5995920
8997102
6004176
8998746
5997642
5998980
5995674
5995440
5988714
5998110
6000102
5997150
5992872
6003450
5999346
5996898
5993238
6000954
6001452
5995170
6003678
5994024
6006918
5995686
6004890
6006816
6000570
5998902
5994666
5998152
9006954
6001152
6005988
5986914
6000618
6004170
6004392
6001290
5996196
27009360
8993766
5995164
5995302
5997516
5994750
5995326
5997816
5996766
5990982
6005346
9002250
6001098
5996874
6007212
6007992
6001530
5997630
6002172
6004086
6004332
5995860
5991300
6002448
6009114
5988762
6005238
5995356
5998908
6002580
5999880
6001356
5996298
5996430
5994996
6006144
6001230
6000666
5998962
6003948
6003318
6000186
5995950
5998404
6004050
5993256
5997312
5999394
15007272
5993382
5997270
5995386
6002148
6002220
8998530
5995188
5996082
6000972
6003126
6002652
6005838
5996058
6003672
5997234
6005988
5990982
8984112
5999058
5998530
6000564
6006522
5998944
5999580
5995086
6005160
6003144
6001278
5995146
6004584
6004194
6014700
5992914
6003234
5999130
6004656
5999298
6001110
5992650
5994234
6003846
6001860
9003864
6010614
6001482
5999688
6005736
6005850
5999826
8993442
5996748
6000282
5997180
5998182
5995356
5994024
5999058
5996268
5999730
5997750
5997516
6012180
5998992
5998680
6006348
5996970
6003174
6005736
6001380
6000906
6000120
5996112
6004830
6004698
6001092
6009366
6001626
5998776
5996100
5999928
5996790
6003660
6000948
6005004
6002472
5995248
5999328
5997408
5990664
5999400
6011286
5998356
6000354
5999850
6006774
5994996
6000972
5997042
5989254
5995776
5997480
5999340
5995218
5998386
6004914
6003054
5990514
6004392
5995590
5996106
6000936
5993022
6002106
6000348
5998362
6001986
27015756
5998476
6003852
5996886
6002808
5992848
6003906
5995104
6002838
5997060
5998182
15001686
5989974
5994906
6005862
6004794
5996184
5994054
5997876
5996874
5999406
6004656
5998218
5997312
6003132
6002454
5999646
6007656
14987334
6004290
9005664
5993064
6004386
6004710
6000408
27016950
6001638
5995398
6006720
6002190
5996220
5998980
5998746
5994750
5992590
5998920
5997870
5997006
5996496
9008940
14992434
26992050
5992356
6005298
5995854
6000918
5997498
5996262
14992026
5986218
6002658
6000078
6005034
5995056
9004302
5991216
5993796
6003378
5997228
6004170
6002898
5991474
6002958
5999964
6004506
5994930
6003612
5994906
5999022
5999412
5997954
6003366
6000378
5999988
5998008
5998626
6002172
5991222
5996538
5998824
5997996
5998572
6000900
6006102
6003906
6001338
5999112
6000540
5994606
5992518
5997186
5995446
6010392
5990874
6004764
6004230
5999220
5996256
6000750
5996670
5995284
6005538
9000600
6006780
5994024
5996802
6000750
6008982
15007320
26997420
5993850
5997192
5993706
5997072
5996352
5993448
5995062
5998758
5997738
5993088
6006738
5998986
9003180
5989296
5996724
6000264
5991966
6003084
6003510
5991384
5999868
5997804
5998320
6002796
6002208
6004446
8998986
6001428
5997162
6007014
6002226
6001794
5998356
6001806
6000828
5998038
5996826
5996082
6002904
5999712
6006042
5999826
5987046
5999310
6009336
5997216
6003960
5996190
6003198
5999844
6002106
5996460
6001230
27007122
5994924
6005346
5995452
6005700
6006876
6005292
6003546
6003666
5999298
5995776
5993772
6001200
6001314
6001476
6004296
5995446
6002406
6006342
6006174
6000402
5998236
5993862
6000552
5997366
6003276
6000648
6002346
9002676
6002796
5998026
6000588
6005028
5994882
9001032
6003324
5998632
5998284
9001932
6000066
6004230
5999928
6004374
5995056
5997888
9000216
5999214
9001392
5993124
5999052
5997006
6000714
5998170
6007986
5997498
6000240
5996544
6001464
5991786
5997270
6004974
5994792
5999376
5997906
5999382
6005946
5993622
5993364
5999700
6001692
5999862
5996694
5990238
5989206
5996268
9003288
6002058
6000270
5994000
5999844
5998128
6001134
5998764
6001950
6000708
6001524
5995656
5997624
5998032
5996430
5998692
6004140
5997174
5996496
5999022
6007350
6006660
5994942
6003318
6002730
6005298
5994156
5999964
5997852
6000042
5999094
5993856
5990952
5993298
6000180
6000186
6000576
6005418
5998794
5995638
6000822
5996202
6001116
5997168
5998566
6001464
6003036
6006858
6004674
5995350
5993940
5999082
6001416
6005070
9000162
5998464
6001086
5999364
6001398
6002046
5992680
5999682
5999514
5993640
6001530
15003780
6000102
5985798
8988840
6007674
5998638
5995632
5997030
5996694
5999520
6001872
6004542
5999352
5990748
9006702
14989224
6003474
6002256
6000378
6003960
5998752
6002580
5996688
5996802
5997348
5997462
6003180
6001140
6002292
6006192
5996364
5990016
5992116
5991918
5997996
6006678
6000318
6002166
6001440
5997240
5996892
5999022
5997648
5999958
6001752
6001302
5998674
6306900
5996562
6003186
5996964
15000258
5998722
6001914
5992332
5993670
5998608
6000720
6003066
6002154
5997114
5999520
6002280
5997186
6000834
5994540
6001428
5998308
6002454
6005856
5996784
6002754
6002670
5999520
5993898
5996574
5995230
6005010
5999244
5999634
5999892
5999610
5996166
6001104
9003036
5994000
5993658
5996742
6003786
5999844
5999946
5995416
5999604
5999688
6000642
6005844
6004374
6001926
8998782
6000852
5990058
5999898
5996196
5993718
5998830
5995560
5992800
5997312
9004560
5998032
5992734
8996442
6004482
6004038
6007728
6001794
5994216
5996100
6002466
5992908
6003066
6002292
6002292
6003174
26995230
5999820
5991930
6000174
5998986
6004932
5996778
6001080
27009042
5998968
6004356
5997096
6006852
6001296
6004458
6002094
6003126
5998038
5991426
5994918
5997330
6001944
8998578
6001926
6002754
6000618
5996982
5992182
6000912
6005688
6003588
6001182
5992236
5991768
5996700
6009996
5992530
5997990
5999706
6001038
6006558
5998728
6002208
5998854
5998206
5997882
5993874
6001824
5996856
5992176
6010158
5987934
5999448
6002004
5996328
5996520
6002304
6005196
5997528
6001062
5999172
5999622
6001218
5997492
5995842
6005712
5997096
5997336
5995284
5997900
5993694
6002334
5997192
5996442
6003768
6002466
5991060
6000750
9004062
5993520
5998734
6006348
5996556
14998548
6002502
6004434
5997876
6007914
6005766
6001086
5995872
5999190
6001440
5996184
6001824
5994444
5995926
5993232
5994294
5998284
5999598
5994882
5999052
5998140
6001950
6002214
5998398
6002832
6006234
5997984
6009186
6008196
5999076
6004638
5999322
6001278
5998050
6004392
5995254
5998476
5997798
5996922
5996436
6002124
6006174
5992608
5996172
5994198
5989596
5999406
6002154
6002850
5987244
5996814
5997780
6007686
6006252
5997840
6003354
5999802
6009210
5996826
5995716
5996946
5997510
6001566
6000912
5997504
5996808
5995470
6002124
5997666
6002262
5996016
6002412
6000180
6006630
5999886
6000708
6003216
6001194
6001596
5993112
5998476
5995362
5998518
6002676
6002346
5997402
6001422
5999862
5993886
6004710
6003732
5996880
5997414
6005286
5998134
6000150
6004158
6004686
5999328
5996802
5997450
6001074
5998212
5989152
6002514
5996754
6001944
5994402
6000522
6000690
5997414
6000708
6000426
26989968
5997786
6000738
6007806
5996532
6002304
6002790
5996598
6005664
6004164
6003894
5997462
5997210
6008946
5995230
6000840
5994744
5999910
6002202
5993916
6000444
6001530
5995122
5999370
5990220
5998326
6001740
5997402
5999316
6000018
5995884
6000006
5996262
5999712
6002406
6005352
5997768
6002886
6003174
5999562
6006702
5995542
6000780
5995536
5999862
5997252
5992734
6004050
6004074
6003180
5997210
5997360
5997084
5993166
5990916
14983644
5996772
5999238
5998146
6519036
5996748
6004998
6000618
5987634
6003882
5997636
5998500
5997180
5992902
5998608
6001980
5996004
6010848
6003924
5998794
5998644
9001044
5994300
8995938
6001470
5998866
26990910
5998848
6004104
6002832
6003006
5992038
6000180
6003624
6000528
5996670
5996400
5995038
5996940
5998446
6003744
6004452
5995098
6002616
6002016
6004674
5998506
5994972
5998164
5998806
5997228
14991774
6001434
6002694
5996958
5999970
5995716
5997234
5998212
6000354
9005064
5995008
8998440
5996466
6002424
5999538
5993958
5998152
6004422
5996190
6003078
6003846
5994876
6000498
5999460
5995404
5999004
6001344
5997636
6005886
6003330
8996412
5994162
5997810
5990322
5995506
6005760
5993310
5995014
5997618
5990952
6001428
5999244
5995452
5994306
5995290
5999232
5993328
6001200
6000630
6002220
5995356
5997354
6000978
5997588
5999382
5997468
26978112
6005094
5996490
6003804
5998128
5999886
5995002
15005514
6009960
6005328
6004074
26995692
5994420
5997102
6005244
5994324
5996184
6001338
6003972
6001296
5998602
9004920
5997180
5999238
6002790
6001542
5994258
5999112
6002502
6002562
5995692
6000654
5997858
5999292
5994246
6006420
6002268
5996352
5991822
6001662
6007398
5993598
6001050
6000132
5998554
6002382
6003696
6003174
5998674
6000150
5998806
5997552
6000462
6000222
5992194
6000336
5996724
5998602
5997876
6007962
5997036
8998056
5998602
5988810
5994444
6002280
5997630
6003744
5998356
27008148
6003012
6003006
5996310
6002544
5997198
6002616
14993802
5994426
6000678
5998164
5996802
5998812
5997468
6000876
6004080
6003888
27023034
5996262
26995278
5994786
6001332
9006612
5999424
6003240
5996286
6000774
5994030
6004584
6003498
5996784
5995920
5997330
9001920
6000606
5990820
5993196
5994552
6003102
5996478
5996970
26989692
5987340
6002052
5995872
6000126
5994120
5995590
5989992
5995212
6003048
5990250
6001362
6000060
8999028
5996748
5999856
5998068
6005136
5997360
6001140
5998908
6003288
6003870
5999736
6004194
6005280
5990562
6001800
5999544
5997036
15006570
6002718
5995470
6004974
6005580
5993376
6008208
5999784
5996406
6002682
5991888
6005226
6001236
6004500
5989476
5994936
6002112
6015882
6001488
5992818
5994294
6000108
5994252
5995662
6000090
8998224
5988540
5991516
5999640
5998806
6000672
5997930
5999196
6000864
5995716
5999106
5999346
6002244
5992392
5995860
6005496
6003684
5998470
6002574
5999958
5998068
6001446
6000048
6006828
5997042
6001146
6001218
5991750
5999190
6006456
6002628
6002076
6000492
5995368
6000072
5998272
14993388
5996670
5998992
6000474
5997582
5994282
15005772
5993442
6004740
5998896
5996010
5995428
5997348
5992500
6003414
6003264
6002550
6000318
5999058
5994666
5999382
5999082
5995938
9001728
6003204
6002130
5997864
6005160
5993388
5986026
6001326
5995416
5994120
5998626
5993058
6006546
5987850
6001200
8994720
6000084
5999682
15000450
6005028
5996598
6000768
6009642
5998752
5995902
6002592
14992122
5999898
5992848
6001230
5997276
5992824
6003198
6001890
27006732
6002316
6000978
5993628
5997720
5999556
6003822
6004314
5997834
6001914
5998950
6002436
5996040
5995902
8996382
6000630
5992398
6001380
6001236
5995170
6012450
5996760
6000732
5997246
6002676
5993010
5994438
6005880
6000234
5995926
5996826
6003468
6000300
6002400
5996052
5994012
5991012
6000402
6000978
5996640
6000150
5997936
5999562
5990790
5999184
5997684
8994162
5993694
6007740
6008280
6001488
6001518
6000168
5992212
6004554
6000006
5995596
5997984
5996190
6003588
6001050
6006090
5999862
6000300
6002640
5999154
8996286
5998098
5994936
14989944
14994744
5997666
6002382
5991000
6003072
6001578
6000102
5991522
5989644
5999520
5994090
6003432
5998908
5997714
6002868
5990940
5999598
5995710
5991234
5996574
8990724
6003618
6003318
5996976
6004722
5999466
5997576
5999754
5995326
5991834
6003942
6003696
5994822
5998626
5999262
27003318
5998188
5995068
5995338
6000582
6003366
6004746
5999100
6004212
5996316
5999208
5998584
6004278
5993148
5998398
5997168
8991330
5994732
6001350
5997468
5998626
6002016
6000852
5994570
5996184
6006492
6005094
5990286
6003114
5996784
6000774
6003576
6000456
6000624
8993838
5993556
5997936
5999838
5995518
6003942
5998140
5999184
6002778
6000882
5999166
5996040
6006684
5992746
5996346
6003660
5999478
5996946
5995860
6003948
6001008
5998878
5994546
5996142
6003306
5990754
6000486
5992710
5998764
5994012
5999562
5993940
5993262
5995884
8988840
5991210
5996514
6002892
6000786
5993718
6000510
6001554
5997474
6000876
5992182
6005094
5995638
6002478
6008634
5999940
6003738
5999394
5998938
6002448
6000228
5996172
5995182
5998776
5995812
9002358
5999556
27010038
6004440
6001470
6011010
5998704
6001722
5996652
6003090
5999022
6007734
5994864
6009420
5992998
5994162
5999178
5998140
5998374
5993538
5992758
6000468
5992800
6003516
5998380
5994924
6003330
5999202
5993442
5989578
5997714
5999136
6006072
5991108
5994312
26998236
5996112
5991612
5995176
6002214
5992686
5996658
5998782
26991660
5999220
5994612
5995440
5998494
6009552
5992116
5993220
5994816
5997114
5991684
6001074
6000528
6000990
5990436
5995014
6004134
6001674
5994414
6001686
5990940
8991612
5994336
5996460
5999304
5993178
5990766
6004662
5990706
8995050
6009726
5997564
6003156
5992326
6000582
5998242
6002658
6002760
6000084
6007692
8997180
5997270
6000180
5994756
5996118
6004626
5997288
5997150
6005730
5995188
5990682
6003486
5999166
6001878
5998560
5994564
5995356
5999454
5996472
5999394
5994996
6000282
6000252
6002922
6002814
6003108
6009972
6000840
6003096
5998938
6002010
5997288
6001782
5999058
5995854
26992200
6002484
6001848
5999040
5998020
6001956
5994474
6001980
6006396
6002370
5996940
6004896
6007236
5996922
5995398
5992218
5999742
5994180
6003234
5999526
5996418
6001920
6005238
5998278
26999748
6003636
5995392
5994966
6006468
5998428
6000204
5995314
5994474
6001464
6003342
5999868
5997798
6001176
5995908
14997432
5995686
5993118
5998194
5989614
5993916
6000846
6001902
5997078
5994888
6006924
5997696
6004416
5996970
5999574
6000078
5997936
5997864
15019704
6008280
5996028
6002784
5998554
6000282
5996196
15002796
5999034
5998362
6002778
5999532
5996772
5996424
6001644
15002304
5988510
6001632
5991084
6000696
6003876
5994750
6000624
6003162
5997168
6004272
5996730
6007446
5999706
5998122
14994006
5998050
6009894
5998140
9005670
5996640
6001086
6003144
5991540
6002382
5995746
6005148
5999940
6005340
6000696
6006912
6000972
5994528
5995548
6004626
6000540
6004176
5998458
6007944
6000888
5998554
6009048
6003090
5995728
5993928
5996334
6002718
14989104
6002820
6004734
5992080
5993418
6006558
6000636
5990292
27007272
5998566
5999376
5999142
6000474
6003036
5997198
5997792
5996892
8997594
5999280
6001860
6001662
8992494
5995614
6001656
15003234
6001872
5998044
6005406
6004476
5998752
5991642
5997306
5995236
6001218
5997576
5994306
5994558
6004470
5997606
6004674
6004722
5996088
5997102
5998830
5996364
5988918
6006798
5996232
5997114
6003552
6000828
5989914
6003840
6001176
6002112
6002418
6001836
5996466
27003204
5998074
6010314
5994834
6005142
5998050
6005706
6001902
5995824
5999742
5987154
5997810
6000600
6000864
6003030
5999658
6004470
6005916
6000888
6002778
5997912
6002832
6005604
6004224
5999850
6000858
6004890
6000690
6004482
5995134
5993796
6008112
5993274
5998200
6004422
26997228
6003672
5994642
5999604
5996874
5994756
5997816
6001728
6002118
6002454
5997486
6002052
5999430
6001002
6004302
5989806
6007530
6001860
6003606
5994948
5997150
5999742
6000414
5995932
5999094
5993952
5998200
6000378
6001392
5993886
5999982
6000876
5995368
5992362
5998878
6003462
6009990
6001464
6001020
5995764
5998800
5996418
5995944
6003378
6000522
5999238
8995992
6001812
6000294
6003042
6002856
5997048
6000042
6004590
6004998
5999466
5997522
5994810
6001464
6004320
6002136
8996184
6004206
5996418
6001158
26980002
6004278
14991558
5989788
6004296
5993286
5996838
6000828
5996454
6002574
5996994
6002754
5993544
6001872
5999970
5998686
6001956
6001254
5997378
6000342
5997228
6001236
6001218
5997612
6005712
26991792
5994702
5995392
6000000
5999562
5998338
5994684
5997186
6005538
6000948
27004554
5993916
5999208
6009918
6010086
6005370
6000582
5999802
6001944
6002352
6000822
5994600
5992200
5995926
6010416
5992476
6002154
6000330
5997120
6004824
5998068
6001458
5992428
5997438
5993724
6003522
5989296
5996238
26992830
6001746
6001266
5996124
8982540
5996058
6005748
6002040
5993268
6002034
5998626
5992566
6000114
5993982
26999490
5998200
5989062
5996262
6006054
6006384
6001230
5998578
6003270
27005754
5992212
5997216
5998548
5998020
5998530
6005460
5998020
8999730
5997000
6002376
6000660
5997138
5999844
5995650
5997318
5986386
5996538
6000414
5998716
6003390
5995566
6004344
6005064
6002940
5998098
6002748
15001440
5999820
5993472
6011490
5995176
5993106
6000882
5997330
6000774
5995854
6008076
6004386
6003462
5995746
6002082
6007848
15009300
5996184
6001776
6012354
5997216
5997756
6000864
6007704
9005514
5998446
5997756
5996046
6010968
5997762
5999184
5997336
5994042
5998146
6005532
5991672
5991630
6005466
5998818
6002898
5996952
5990970
6007674
5996904
14992632
6000942
6002532
6005478
6003642
6001182
5999118
5996652
6000924
6001614
6001302
6003852
6000762
5994330
6003624
6006132
5994042
5998908
5994174
6004506
5992056
5997540
6001542
5997798
5999766
6004626
5999040
8999526
5999052
5999598
6083574
5998158
6001608
5999052
6006474
6001140
6001866
5989122
5998686
5999610
6005100
6003846
5998038
5998128
6002286
6005028
5996082
6003402
5992362
6005526
6004926
5999682
6006978
5998068
5998350
6003108
5994840
5999250
5998020
26993814
9003726
5999514
5996694
6003510
5995140
6000030
6008874
5989494
6003756
5999400
5993814
6000570
5999292
5999034
6001572
6000036
6003180
6004884
5998380
5999010
6006132
6002310
5997108
5999904
6002436
5999496
5997726
5990742
5997558
6000300
6001326
6003030
5995704
6003270
5991408
6006390
6001464
6003186
6001308
6000648
6000666
6001368
6001632
5997864
6000564
6001380
5995476
5998200
5999808
5987172
5993526
5997762
5997744
6000252
6004344
5999106
5996772
6001596
6007194
6004746
5998638
5994972
5995038
6002034
5996784
6004422
6002238
6007458
5997492
6002082
5998236
5999610
6007452
5993286
6003540
5994648
5994300
6002568
6001416
6002718
6001134
6001080
6002130
5999142
5999700
6000474
5996598
5997564
6002418
5987460
5996670
6001344
6002334
5996244
5994768
6000324
6004860
5999496
6001362
5998968
6000630
6005862
5996982
6000162
5998452
5997666
6001764
6002670
6000360
6001806
6002850
5999844
5993700
6002376
6007998
6000780
5993454
6001074
5994048
5999460
5999520
5995422
5996208
5992974
6007134
5999958
6000342
6000108
6000084
6002322
5999988
5998488
6003096
5997222
8993742
5995746
5998956
9001482
5998440
5996460
6000510
5991294
6000096
5989950
5993604
6003738
5998146
6002118
6002286
6001500
5996046
5998224
5998542
5993220
5992446
5992182
5992710
5995140
5999670
9006282
6001074
5995236
6003762
5998542
6000066
5999232
6001758
5996052
5996490
6002664
6004590
6001476
5990490
8998764
5999250
6004704
5993454
6000318
5996190
6001356
6000966
6005268
6003426
5999814
14990964
6003630
6004920
6002292
5998902
6000252
6000834
5992842
6000228
6008574
6000924
5999724
5996610
6001182
6003186
5997888
5993544
6002160
5988588
6001920
6001800
6004290
5999574
6002766
6006702
6000366
6004122
6006438
5998866
6002064
6000024
5996706
5998410
6003762
6003834
5993004
5991540
5993082
5991834
6014022
5992134
6011472
5999220
5993580
6005232
5999238
5994636
6002628
6003816
6004278
5994378
6003972
5994486
5997726
6008100
6006756
5999724
5995170
5998218
6000288
6003654
6008178
6004992
6003726
5999412
6005184
6000060
5998644
6002940
6006078
5998188
6008400
9000762
5999052
5988150
6000834
5996082
5999346
6000204
5997372
5992110
5996670
5999130
6001716
5992512
6005322
5998308
6000642
6003666
6002574
6000300
5997726
5998074
5993388
6002064
5999352
5993346
5998710
5998818
6001500
6006480
5998902
5997222
5997750
5997498
5998980
6005364
5998908
5999262
6001812
5999058
5999874
6004788
6001884
6005208
5994264
5998302
5993400
26980200
5995566
5997498
5999142
8998944
6003948
6001248
6005214
26993316
5997570
5997474
6003414
6001428
5999346
6002430
5998368
5996142
5998230
5998428
5999466
5999472
14993760
5994660
6002550
6000594
8997312
6003528
5997108
5995836
5995128
5993262
5999874
6004842
5995734
5993844
6002652
14993628
5995386
6008838
5992644
5998452
5995704
5995380
5997984
5995968
5997996
5996706
5993058
5998308
5994396
6005478
5998698
5997480
6004740
5997942
26996724
6000612
6003378
5996346
5998818
5994096
5995524
6000288
6010788
6000270
5995506
6002772
5995758
6002796
6005682
5996580
6006756
6003192
6004380
6001932
5997390
6001218
26984706
6000090
6000408
5996688
6000408
6002520
5992956
5998488
5991636
5995728
5997492
6005928
5998872
6004986
5994546
5996496
6001812
6005208
5997138
6000450
6001854
6005634
14988390
5997732
5993970
5998944
5999052
6000888
6006186
5998344
6004368
5997066
5996424
6007338
6005466
6000378
5991228
6006372
5998578
5998794
5995404
5997906
6004338
5998530
5995482
5997378
5998284
5990262
5999868
5998932
5995842
5995626
6000246
5997624
5995146
5999460
6000486
5999988
26981784
5993574
6000060
5997426
6000906
6000378
6001344
8995170
5990514
6002430
5996916
5988180
6000738
6000174
5998590
6000948
6003246
6000870
5999592
5993682
5995890
6009540
8997648
6001968
5994978
5997510
5999052
6002688
6006408
5998110
5995914
5996076
6001950
5994792
6003006
6000708
6002322
6006072
5996364
5989476
6000504
5992578
6003684
6003282
6001452
5996484
5996154
6003090
6003702
6004512
5998368
5996670
6000234
5999076
5998524
5995626
6000222
5998716
14998182
5999010
5986098
6001542
5996682
5996994
6005436
6000930
6003066
5996448
5997378
5993052
5997558
5997036
26998200
5998044
6001620
6001272
6000594
6001116
6001920
6001320
6004032
5994384
6001746
5995626
5998788
8993340
6002310
5995008
5995980
5997696
6001428
8996124
6000714
6005664
5995080
6001188
6002910
5999598
5989704
6006372
6006390
5994294
5994048
5997408
9001608
9000924
6003276
9002868
5995314
5997942
5997924
6002382
5998050
6005160
5996964
15008124
6000930
6007008
5997870
6002886
6000564
5997354
6003744
6002154
5999196
5999028
5994816
6003948
6004380
6005052
5994522
6004008
5997594
6003984
5995392
6008166
6001164
5993340
6006498
6003426
6001392
6001476
15011634
6003060
6002652
6000840
6001386
6006090
5994606
6001008
6002286
5998698
5998080
6004242
6000336
6005994
5998794
9001710
5996550
6004350
6005784
5998548
6000654
5999112
6004026
6005814
5998938
9006342
6003432
5997624
5997132
6001488
6008034
5994420
5994030
5996898
6000456
5995764
5999874
6002304
27003456
6000318
6006492
5998740
5999136
6005670
6003546
6001722
6005802
5988846
6000042
6003198
5998002
5995194
5996826
6003204
6004308
5995896
5993244
5999736
27003750
9014130
5997720
5993694
6007020
6003636
6003342
6001848
5997372
5991474
5995890
5995890
6003468
5998920
5996868
5997330
5996016
6002808
5995704
5990490
5996250
6000030
6002328
6039210
6005100
6004182
6003858
6003444
6003534
5993400
6002142
5993316
6002532
5998380
5988486
5992134
6003264
5996472
6001782
5997288
5997732
6000462
6001656
5995128
6003834
5999964
6001950
5999418
6003126
5997498
5996700
5995644
5994312
6003042
5997828
5998740
6003198
5993736
5997420
5995164
5997006
5997564
5996196
6004026
5999016
6007380
6002820
6000300
5998296
9005460
5994996
5993436
5997702
27020214
9004980
6003912
5996478
6000828
6002784
6002118
5995224
6001020
5997366
5995452
6000834
5996706
6007920
6001608
5995560
6004392
6000306
5996352
6000228
6000864
6002310
5995338
6003648
5994054
6000648
5995614
5995800
5996364
6000888
6002190
5996292
6000282
6001734
6000378
5993940
5994000
6004836
5997984
6000024
5995404
5999220
8997156
6006330
5998062
5998740
6001380
6002508
5995374
6002106
5999682
5995290
5993712
6004332
5999676
6003870
6001200
6004008
5998524
6001068
5997324
6000234
6000102
6001614
5997018
6009672
27011676
5997816
6001080
5995776
5999226
6004464
6006030
6000702
5995728
5997018
5998524
6000132
5998686
5996628
6001926
5993538
5999382
6005670
5999712
5995194
5997624
6001038
6002106
6001230
5999028
5994204
5990766
5999808
8995662
6005064
6002154
6006204
5995980
5989326
5996250
5995542
5995614
9006972
5996310
5994492
5996310
6005718
5995842
5995548
5994666
6004452
6003270
5997342
8999868
6003834
6003864
5999736
6004458
6004104
5998194
5999958
6006588
5999460
6007986
6002328
5996586
5996724
6003774
6003120
6008418
5999388
8992434
9003564
6002568
5999262
5995212
6000954
5999082
5998458
6002706
6006384
6001320
5994906
6005802
5992962
5996376
5997774
5995512
5998500
5991012
6001770
5998878
5998326
5997582
5996514
5991336
5991720
6004542
26982624
6003744
5996964
6007434
6006438
6001968
6001728
5996766
6001464
6004290
5994270
5997444
5996952
5993568
5998926
5999484
6001716
6012348
6002580
6000588
5996160
6002724
5997702
6002322
5997354
6001578
5992002
6005928
8997504
6002934
6013398
5995842
6001782
5998194
6004650
6003156
5996772
6002004
5997780
5995782
5992206
27004800
6004284
6003096
6003756
5995938
6001410
5998260
6002628
6003486
5998044
5995512
5997738
6000912
5996226
5995542
6004044
5995812
14984406
6003744
5995542
6002652
5993082
5997132
5995464
6001998
6004878
5999766
5999070
5996484
6004074
5998002
6001770
6000384
5998938
6001116
5992878
6001272
6001830
5995566
5991006
8984268
6002136
6000378
27001128
6000528
26985288
5995416
6006882
8996262
5988576
6000510
6005712
6001026
5989932
6001608
6004092
5998908
5999442
6001374
6000960
5994468
6004992
6003258
5998290
5993424
6005502
6000090
6000396
5998698
6002580
5995932
5993478
5996226
6004698
5995620
6003858
6004488
6002274
14998656
26989596
5999682
6002100
6001998
6000420
6000396
6001500
5996988
5996658
5994252
5994876
5997486
5994690
27005364
5988504
6000414
5998356
6002634
5998404
6002454
6001476
5993196
5993646
6000150
6007248
6005640
6003486
6001170
5995854
5996262
6005484
8994876
6004998
6000300
6001806
6001872
6000114
6001722
5999832
6003450
5994780
6004206
5999814
6000288
6005592
5995944
6000402
5999256
6000018
5994054
5991060
6000090
5991660
6000792
6001866
5997528
5993172
5995686
5998974
5995188
27001254
6001536
5997294
6004050
5992116
5998020
5987118
5995758
5998926
5999748
5994618
5993124
6004338
5996796
5997744
6002058
5998656
5996994
6003528
5999148
5999160
6000450
9006462
6003324
5994798
8997126
9009588
15019488
5994882
5998182
6004038
5996544
5994054
5996922
5993334
6000114
6003534
6005808
5997930
6002112
6000306
5999178
5996550
5999676
6000732
6001254
14987016
6003468
6003264
6003648
6002724
5995746
6001344
6004386
6003618
5997954
5996730
5999598
6002832
6001074
6000114
6001326
5993388
6003396
6005496
6006210
5996694
5999958
5998314
5996640
5999928
5998710
5998626
6001482
6006408
26994522
5991522
6001974
6007548
6000792
5995242
5997132
6007830
6000114
5994984
5999868
5999040
6003036
6000750
5998632
5997426
6006756
5997078
5997132
6008490
5994252
6008820
6004386
5996184
5995596
6002448
5997960
5997084
6000846
5993802
6004170
6001014
6004662
5999376
6001518
6008670
5992038
5996136
5995914
5994870
6008640
5992506
5994942
5997714
6000120
6002094
5992722
5998224
5999934
5998752
6000576
5992722
6001092
6004068
26992428
6002568
5999898
5992638
5999796
6004764
5993112
5992866
6001560
5993880
5995188
5997660
5998032
5997282
5997630
5994300
6001674
5999478
6004452
6005208
5995194
5998236
5999838
5999202
6000534
5996034
6005076
5999166
6004584
5996760
5997798
6004866
5999712
5995776
5998104
5999544
5997660
5994198
5997162
5998152
5993694
6000606
5994288
6004530
6000792
6000750
5998818
6003210
6005760
6009684
6001296
5998014
6006204
5994876
5997582
5999058
26995014
6009276
8992272
15007830
6002418
6005160
5996454
5996532
5997420
6001596
5999712
5998512
5991072
5998680
5988690
5995374
6001302
5997666
5995350
5992266
9002748
6001002
6004596
5999580
5987370
6003420
6005262
6000330
6000846
5995758
6003702
6003708
15005310
6004848
5997252
5998062
5994222
5995710
6003276
6000282
5997072
6000510
5993196
8997384
5995590
6001176
6002418
5991660
5993082
6003192
5995914
5999418
6001770
26990460
6003234
6000174
5996838
5994576
5999052
5995644
5992746
6000528
5990958
5996202
6004386
5998962
14993616
5996142
15011046
6002904
6002274
5991378
5993310
6000726
5996952
6003096
5999226
6005610
5999238
5997486
5988804
5999646
5997402
5991462
5999058
5998950
5998584
6000078
5995374
6002100
5999172
5996844
6000594
6002328
6000192
5990496
6005178
6004074
6002394
5997582
5999136
9000654
6001338
5996832
5993430
5997498
5998206
5995716
6002142
5998110
6002106
5993874
5999394
6003024
5994828
6000324
6004824
6002280
5997504
5996772
6004032
5997708
5997732
6002346
5998848
5997804
5999574
5997366
5990430
6008160
6002640
5995776
5998740
5999586
6001314
5994072
5999472
5993898
5998206
6000486
6000432
6004056
5999898
5997678
5994462
6004008
6009378
6007518
5999898
5999346
6008214
5995830
5995542
5995536
5994234
5995824
6005418
5997990
6000444
6004350
5997540
6006366
6001008
6002226
5999142
5999664
5997570
8999190
5997798
6001326
6005412
6001014
6000480
6003462
5996778
5999850
6006018
6003378
6002448
5995536
6007044
6004938
5998392
6002598
5999658
6004440
6003618
6000558
6006594
6003516
6007026
5996172
6003690
15001488
6000024
6000312
5998764
5991708
6002280
26999514
5998770
6000150
5996790
9003372
6002262
5996916
6006648
6000204
6011052
14998824
5997090
6002226
5994792
5999946
5996382
6001104
6000000
6000990
5995944
5999454
5993376
5998620
5996460
5994534
5995890
6006912
5991930
6001236
6006102
5995932
5999016
6004242
5993874
5999256
5996940
5998596
5997492
8997864
5999820
5996652
6005754
5997258
5993868
5993970
5994642
5994102
5997894
5995266
27007260
5999394
5992896
6001308
5991030
6000480
6004920
5994828
6002478
5995740
6008862
6003840
6002490
5996778
5997072
6000024
6003354
6000666
6000870
5996430
5999394
5996142
5995392
9007878
5992380
5998890
6004236
6006564
6009312
5996292
6002268
5995740
5983968
6000906
5998842
5997558
6005658
5998014
5990442
6001872
6001530
6002136
6001884
5997054
6001116
5993448
5997108
6001494
5998302
5995896
6004218
6000678
6004374
5998614
5996628
6000906
5999346
6002646
5999922
5996502
6009342
14993484
5997060
5994108
6001464
5995812
6003786
5991588
5997510
5995476
5991954
5995158
5992344
6001302
5996196
5998980
5998740
6008616
8998248
6001326
5999364
9005088
5997180
5996382
6002040
6003636
5994456
6001164
5995488
5995974
6001290
6002766
6000816
5996706
5996058
5994804
5995014
6007704
6000192
5998392
6004110
6008160
6001692
5992680
5997828
5995986
9011976
5993730
5996244
5999304
6000024
6002412
5994846
5998752
6009426
6004716
5998680
5999418
5996598
5996340
5996598
6003030
6002562
5999364
5997144
5999988
5990640
6004332
6000954
5999124
6004284
5993652
14987460
6005196
5996262
5998134
6004158
5996304
6004536
6003228
6002040
6003006
6002112
6001974
5999874
5998476
6003036
6008922
5992584
6003786
5992566
6000252
6005100
5996052
6000918
14993814
5998980
6002580
5997966
5996550
5999238
5992968
6002484
6000048
5993526
5993838
5998032
5998266
5994612
5997768
5997090
6002358
5997246
6009078
6002190
6000792
5996934
5997858
6000708
5996892
6005862
6000114
6006366
5999994
6002838
6006072
6000114
5999406
6007218
6004008
6003114
5997498
5993550
6005850
5996070
5998428
6002214
6004788
6000684
5997684
5996976
6000510
6004590
5997306
6002670
6005106
5997408
6007218
5996574
5995740
5987064
6003810
6002094
6004752
5994432
6006528
6006678
5993796
9003528
6001248
6001338
5993742
5991408
5989638
5996016
5997192
5995536
9001746
5997138
6005388
6000162
6001086
5996832
6004782
5995686
6003168
6001926
5997162
5998854
6004572
5993256
5996064
6000312
6001500
5996508
6004542
5995998
6003222
5996382
5999244
5996892
6004122
6001314
5997798
5990106
5998236
14999706
6001080
6003120
6007404
5999616
6000918
6001968
5994330
6000936
5993772
6003270
5997282
5998626
6000546
6001254
6005268
6002574
6002970
6007866
6000762
6001998
5996550
6000174
6000210
5996736
5992380
6003156
5996670
5996688
5991918
5999850
5996082
5994978
5992092
5987244
6005994
5992056
5994120
6002886
6000720
5998338
6005052
5997492
5992152
5996886
5986932
6001596
6001650
5995500
6002820
5992920
5998350
5997282
6002178
5997936
5994180
5996358
6003330
5998554
6005016
6002058
6006840
6004710
6001926
6002514
6000336
6009282
5995194
6005850
5999772
5997336
5998692
6002010
6002058
6007026
5991180
5994390
14986902
6000480
5995746
27006258
5990772
9000576
6000168
5998974
5995572
5999010
6000696
5998272
14998566
5996154
6004410
8992482
5992128
6000120
6004422
26988846
6000972
5999850
5991186
6000768
5996088
5997486
5996646
6000978
6002292
5999118
5999010
5998170
5997558
6004542
6001746
5996448
5992722
6003288
5996454
5994342
8991888
6001260
6000648
6001152
5998812
26985798
5990316
5997594
5997606
5999328
5993856
5996496
6001146
6001866
6003606
5995584
6001770
6002184
6004176
6005970
9004782
5996610
8994576
5998434
6001260
6002838
5997810
5996208
6004248
5992062
5997216
5995308
6002262
6004728
6001674
5995290
5998878
5994024
6003936
6001488
6006372
5994774
8994318
5996928
5996784
5997456
9007056
6002412
6003894
6004182
6001662
6000840
5999814
6002400
5997390
5993604
5998116
5996292
6003432
5996598
6002898
5993898
5992482
5999670
5990940
5992698
6000354
5991936
9002610
5990670
5994906
5994690
8995638
6000060
5996370
5999724
6000354
5998572
6001752
5993502
5993706
6000732
5998920
5994186
6005184
5997234
5999622
6006942
6000480
6001638
5995176
5999364
5996196
5993730
6002730
5999988
6007452
6005712
5998548
6002490
5994252
5995596
5998596
6001014
9002982
5996496
6003744
5997234
6001848
6001362
5998536
5999646
6001020
6001476
5998464
5998062
5992542
5990952
5992920
5996304
6002862
6003690
5999310
6003408
5999526
5992704
5995926
6003318
5997882
5998152
5998602
6004140
5999892
5997216
5999694
6001956
6003726
5995368
5995542
5996130
5994144
5999214
5999352
5997774
6005628
6002286
5999328
6002100
6006132
5995770
6001638
14996874
5993016
5994078
5997096
5991786
6002868
6003288
5994876
5993196
5992704
5996958
5997702
5986440
6005622
5991234
6002766
5997090
6007656
5995596
6007896
5992470
6004206
6004530
6001686
5998014
6003402
6001206
6001044
26978970
5995284
6002292
5996826
5999010
5994252
14991654
6008250
5999832
6002862
5998416
6005454
6000378
5998674
5994372
5997300
6001986
5999262
6001200
5994282
14992368
6002370
6002844
6006300
5997984
5991048
6002820
5993400
6001356
5996664
6000594
9003942
5996118
6001698
5996340
6001074
5999724
6001332
5999916
6008688
5992692
5998782
5996244
5995680
5992950
6008910
5995224
5999886
5999466
6002850
5991588
5988222
5995956
5996376
5994468
6002886
5997012
5998596
6003738
6001860
5999220
6006678
6006924
6003264
6000552
6006318
5998140
6001488
14985564
5999352
5999616
5995398
5996928
6004686
5999916
6000420
6003312
6008916
6002820
6005700
6000876
6002706
5998152
6001008
5991822
5996976
5993508
6004542
6002574
5997990
6002424
5996472
6002268
6002364
5998506
5998392
5990814
6005802
5997438
5996520
5993424
5993718
6002598
6000306
6003582
5999208
5990922
6000102
5995152
5996328
5999178
5998296
5996454
27025512
5996748
6002262
6005112
9003126
6000672
5997810
5999592
5997924
6001794
6002142
6004914
6000750
5999370
8996298
5997582
5997600
5993490
6004266
6001782
5996634
5995494
6004518
6000084
5995062
5999670
5994522
5995782
5997216
6000876
5994528
6003984
5995488
8992434
6007878
5995794
6002970
6004776
5991120
5997030
9002736
5992488
6001194
5992254
5998386
5999940
6005184
6003750
6007806
5999868
6001404
5992284
6006378
5998806
5997762
9005286
6001572
5998458
5996688
5997060
5991774
6001578
6000252
5995632
5992470
27011682
6003792
5997264
6006900
6000294
5994084
5996880
6003912
5998272
6003084
5998506
5997792
5996076
6001554
6013278
6000402
6002766
6008166
5995482
5999346
5999250
6002616
5997294
6025650
6001248
5992836
6004248
6001248
5999076
8993952
6009636
5998410
5999292
5995458
6002514
5992392
6001116
5999214
5991786
6000018
5996268
5997636
5999526
6001320
5998782
5999142
5999064
5997240
5997726
6004278
5999574
6003762
6000288
6001722
5989926
26996730
5998602
6005994
6000084
5991906
5997288
5994582
6006894
6003102
5999766
5993844
6003744
5994702
5999610
6004518
5997888
5996718
5998818
5999220
6002838
5995332
6002550
6003636
5996190
5997432
5999112
5999304
26999634
6003870
5992368
5987592
6006768
6001338
5993202
6002448
8990658
6000072
6012168
6001788
5992314
5999604
5994774
5997894
6000018
5995914
5998962
5999910
5998428
6004152
5990772
6000996
5995224
6005388
6005538
14997450
5995914
6000504
5999790
6003024
27001986
6000966
5995242
6005028
5998080
6002616
6001428
5995104
5997066
5994282
5998284
9002034
6003624
5989458
5998092
6008478
6011310
26987034
5992620
5997954
6003006
6002676
5999400
6001788
6000108
5992668
5997978
6002976
5999298
5988054
6000780
5997852
5997822
5993970
6002472
5995986
5995170
5996388
6002598
6006648
5999988
27013848
6001602
5998896
6004908
5999244
5996994
5994720
5997066
6005640
5996004
5997198
5995734
5997660
5998614
5998740
5991414
5995932
6002130
5994060
15000804
6003426
5996610
6001158
6002718
5999622
6003570
5995848
5996190
6005928
5997690
9007938
6000924
5999316
5996496
5996232
6006558
6002322
6000366
6002820
6006000
6003066
6000078
6005298
6001230
5999532
6003648
6004410
5996256
5999472
8989806
6008190
6007902
5996532
5997030
5998440
5996904
5997228
6002820
6003564
6004968
6007644
6000924
6004524
5999706
6004242
5992296
6003528
14997798
8992836
6000090
6001194
6002784
5997606
6006780
6002958
5999208
5998194
9006240
6002676
6002010
5996964
6004086
6004092
5999586
5998356
5996382
6003606
6000342
6002130
5992026
5997210
6003246
6002730
6006630
8988438
5997024
6003444
5997738
5997708
6002274
6000390
5990136
6000612
5995626
14986482
6002076
5994942
5999664
5996754
6000504
5997582
5994156
5998074
8997882
5997414
5999046
5998656
5996856
5993274
5996010
6000936
5995812
6002850
5999592
5996028
6001422
6002706
5999562
5997390
5999250
6005646
5998194
5998230
5996088
5997366
5991042
26984016
6003690
5998716
6000840
6004062
5996940
6003876
6003354
5997822
6000576
5994030
5994846
6001266
6000246
5995068
5992344
6000480
5996070
5993874
5997660
5998338
5990562
9000414
5994216
6008808
5997642
6003402
5992332
6003408
5999976
5996256
6003120
6002328
6002748
6006216
9002640
5995560
5999208
6003942
5999676
5989470
6007110
6001800
6001776
6002934
5998080
5991252
6004218
6002148
5995386
5986038
6000576
5997240
6004014
6008262
5991222
5998320
5999652
6002382
5994138
6007884
6004278
5998110
8995260
8995626
6002610
6003306
5996124
5997900
6002742
5998710
5999904
5998074
5994252
5997828
15001584
5991942
5999166
6005478
5995110
5996766
6002466
5997216
6007482
5998158
6000270
5995260
5996604
5996952
6008004
5989590
6000324
5994828
5999586
6001338
5993376
9011190
5999556
6001056
5997618
5993058
6004320
6002700
6010578
5993694
5998386
5993802
6002826
5995602
5997276
6002046
6000384
6005958
5996202
6001200
6003432
6001398
5996052
5998650
6004038
5993124
6002124
5998032
5999118
6005286
6001944
5992650
5995068
6001986
5994912
5993910
5999670
6003504
6004770
5996118
5999550
6002004
5996610
6004626
6005988
5997870
5998848
6000444
5995650
6000138
6006252
8995332
6002922
5990022
5999202
6000330
27007014
5996094
5996838
14995344
5999454
5997528
5997192
5988264
5999472
6002622
5999160
6001356
5998182
6005232
5998884
6003990
6001284
5996964
5998062
6004434
5992194
6003570
6001518
6000408
6001776
5995176
5999304
5998824
6001152
6002280
5996940
5997240
5992998
6000924
6006810
5993736
5997468
6002220
5991888
5997366
5991828
5999490
6002304
6002922
5998938
6004554
6000132
5991672
5997390
27003648
6002298
9000672
6005064
6007884
6001092
5996106
6002610
6001320
5996058
6000204
5998026
5999940
6010272
5999406
6003174
6000420
5992830
5994582
5994780
5994270
5994870
14998140
5998314
6002856
5994882
5999322
6010116
5995266
6001518
5997552
5985036
5994396
6000048
5998986
5997090
6003300
6006564
6006216
6003426
6000354
5993994
5992788
6003048
5993322
5995374
6002952
5997870
26991882
6003372
5993496
5996808
8993784
6000450
6006222
8995452
5996964
5995512
5997390
6003564
5994882
6004128
5991132
6004290
5997348
5993940
5995158
5999460
5996346
5996046
6002544
5994384
5995998
8985552
5998758
5997192
6001218
5996598
6002178
6000486
6002982
5999028
5998698
5998800
6003990
6006546
6005670
5994726
5999076
5998488
5998368
5997234
5998476
5994276
6000912
6000786
5995344
6006078
6007074
5994942
6003036
5999946
6002178
6002172
6003654
5994546
5996490
5998524
6002256
5996958
5991408
6003132
6000396
5999706
5998434
5992980
5994690
5997780
5996652
6004356
5994420
5999340
5995482
6002244
6007542
5999340
5999346
5998872
6001560
5990328
5997180
6002448
6006918
6002442
6003336
6000300
5989458
5996838
5993634
5997138
6001440
6003174
5999274
5999184
6004758
6002754
6006204
5992704
5995488
5996160
5993868
6000408
5999322
5997516
6003132
5993178
5999280
5997174
5994684
6007590
5995512
5998860
6003810
5993538
5994282
6004206
5991594
6009204
6000978
5995902
5999646
6008484
6019956
5997828
6003498
5999418
6003318
5999964
5998140
6001608
5998296
6007488
5998896
5995428
6000918
6004284
6004254
6003840
5999514
5995350
6001860
6004278
5999976
6004734
5996562
5996832
5990886
5992788
5995920
6001812
5997570
6000564
5998968
6001926
5996544
5996940
6002676
5993952
5994744
5998008
6001590
6001752
5993310
6000240
6004866
5993988
6004590
5992026
5994828
5997324
5996106
6003216
6000462
5995200
5999418
9003912
6002118
5996682
8994498
5997336
5999352
6006360
9001764
5993952
5997582
5998536
6003000
5995968
5996154
5997234
6009054
6004362
5993682
5996718
5996430
5995158
5999700
6000804
5999088
5993382
5998224
5995908
27015006
6003414
6000870
5999832
14997048
5997048
6000426
5997372
5996232
5999658
5998998
5996112
6006912
6003096
5996442
6001104
5995740
6003576
6000888
5994486
5998212
5995674
5999490
6000762
5997120
6004902
9000870
5995620
6002982
26999220
6005436
5998122
5998848
6000594
6001950
5999412
6016374
5999256
5997216
5993322
5990166
5995146
5999688
5993058
5996106
5991720
6001260
5998524
6005064
5996544
6007764
5995506
6002124
6002082
5998734
26985384
6001620
5997306
5995260
5996700
5995866
5997600
6000984
5998926
6001038
5998992
5989506
6004632
5999196
5995038
5994510
6001200
5997078
6001692
6000942
5985288
6002676
5993526
5996682
5996664
6005502
5998326
5993004
5995050
5997864
9005430
6001596
5997354
6000138
6002904
5998038
6004692
5991912
6000750
5996010
6002610
5998788
5999610
6001146
5994372
5998674
6006186
6002616
6001320
5995062
5992632
6002526
8993808
5997330
6001854
6005070
6003384
5995602
6002004
6006324
5999400
5994480
5995950
5999706
5996928
5997552
5998608
5999934
5993994
6000474
6002664
5989362
6003606
6000882
5998356
5993628
5997252
14990604
6003666
9008514
5997852
6003318
27010674
5987976
5996154
5992440
5998524
6005298
5998452
5999628
6008082
6001086
5998014
6004014
6001986
9000642
5997030
5997534
6000384
6002610
5997702
6000186
26993424
5998404
6007986
5998542
5999100
6002790
5994258
6002478
5998770
5996970
5999724
6000564
5995620
5997882
5998920
5997414
6004776
5997852
5998002
27006798
5997402
5992200
5994846
5995374
5996616
14994054
5990478
5996748
6009306
6006012
5996220
6000534
5990766
5998152
5999040
5990796
6001296
5995668
6010068
6004836
27017820
5994768
14976240
5995986
5993724
5991246
5999646
5995230
6001890
6005604
6009174
8993676
6001278
5998440
6002286
5990706
5998272
14996574
6001794
6001938
5992734
5993706
6008334
6003738
6007530
5998422
6006552
5997690
5998986
5987280
6000222
26992986
5990352
6001902
5992356
6002070
5998470
5997468
5993232
6003912
5988798
5994030
6006132
6008148
5994570
5989746
6008508
5995872
5994384
5995476
5999340
5993268
5997960
6000480
5994798
5994414
6002232
5994516
5997786
5992824
6005490
5992938
6005034
5999040
6003360
6003954
5987016
5993124
6000924
5999652
5999880
6010224
5998008
6001440
5999622
6000612
5995434
6000336
6007488
6007368
5994072
5992476
15004122
5999376
5993190
5993028
5998044
5996976
5995710
5996550
5996226
6004404
5996274
5997918
5998290
6000186
5994690
6001032
6001776
6003450
5996478
5995362
5996400
5990844
6000408
5996466
6005004
6002748
5989596
6000888
6002526
6000660
5996226
6000504
5999220
6003072
5997978
5991906
5996958
5998932
5995080
6002934
5998308
5994120
5999454
6002508
5998638
5998314
6000150
6000738
9002958
5995224
5990184
5994630
5999916
5999586
5996946
6002742
5996622
26985654
6001914
6002496
8998908
6003984
6002892
6003966
5999376
26975838
6002736
5993106
6001458
6006402
6005442
9002214
26999904
14996478
6002286
6009126
5994204
6002028
6001254
5998428
5996718
6000036
5996712
26985240
5993286
15014238
6002520
5997324
5997762
5998848
5996484
5999724
6003558
5997408
5999868
5996682
5999916
5991240
6001590
5994702
5999760
5994870
5995128
5999358
6001764
5996142
5996892
6001110
6000072
6003036
5997822
5989878
5997492
6001560
5997372
5994690
5998110
5997528
6000738
5998776
5989344
5992638
6001566
5998866
6004698
5992926
5989074
6002052
5993742
6000618
5996058
5995206
6001584
6005514
6000720
14991666
6003108
5994726
6001872
5996436
5997420
6005250
5997960
6004740
5998620
5996016
6002748
6000546
5994702
6000240
6007242
5997024
6003060
5998434
6001962
5996334
6003462
5990556
9000150
5993754
6004710
5998860
5991798
5996466
5993610
8998500
5995320
6001146
6013086
5991264
5991780
5997042
5997888
6002520
5999076
5992512
6005328
6001026
5997432
6001278
5996232
5991822
5996946
5995362
5999922
5999850
6003276
5996760
5994630
5995728
5998200
5995626
5992704
6003006
5997120
5998956
6006396
6001866
6000186
6004722
6007800
5998824
6006354
5997216
6002748
5997240
6007812
6001032
5999166
5992470
5996412
6007746
5996346
9002034
6004914
6004974
5991060
5998086
5998188
6003270
5988420
6000126
5997438
5997690
6002652
5998290
6000858
6006204
5993088
6005196
9006678
5996424
5995944
5999604
5998188
5997954
6002994
5998836
6005616
6000546
6002976
5993412
5997414
6001104
5999004
6004566
6002538
5999892
6000192
5994462
6001014
5996196
5999412
6006726
6000576
6002922
6001362
6001752
5992278
5996532
5998458
6000000
6001728
6001710
6001566
5993094
5999712
5997594
6004506
5998590
6000402
6002370
6007062
6007140
6003828
6000954
5991042
5994630
5992812
5994306
5989626
6004536
5992188
6000084
5994102
5990442
6002628
5998386
9011676
6000498
6007812
5992554
6005850
6000066
6006360
6001422
6001740
5991348
6001086
5999604
6000786
5999388
6001602
6001566
5999172
5992230
5997444
5999760
6002412
5999364
6002652
5991804
5994060
5997444
5994984
5997408
5998572
5999370
5996082
5996268
6004278
5997594
5995734
5998494
5996568
5994366
6002970
6006258
5997852
6000990
5998158
6006804
5998962
5994114
6001122
5998644
6000342
6000174
5997342
6000822
5992272
6005148
5996796
5999886
6001764
6001806
5996136
6003894
5995392
5997978
6001446
6002412
5992734
5996730
5995140
6000960
5998410
5997930
5999580
5998944
14992362
5999796
6003960
9004644
6004374
5994852
6006864
5995926
6001656
5999016
5996022
6001014
5997402
6001734
6000036
6003564
6000792
5998170
5995794
5999496
6000024
6003414
5996640
5997588
5991858
9002640
5992398
5999472
6004386
5999388
5997342
5995038
5996658
5993382
5997090
5989524
6000042
5997384
5998062
5994588
6003732
5997594
26999946
5997420
6001152
5999694
5999208
5998212
5998356
6000558
5999562
5993442
5996658
5997492
6001158
6000126
6007668
5996292
6003276
6000744
6005166
5998770
6000042
5997708
6004920
26998332
5999556
5993178
6000000
6001572
6002412
5993250
5993904
6005088
5996034
6003198
5993148
5995854
6002604
5995578
5995968
5993148
5998776
5995452
6005388
5999022
5992170
8995266
6000786
6003552
6002172
5993982
5995722
5997126
5997210
6000822
5997318
6000516
6006030
5994642
6001362
5994462
5993562
5998524
9001752
6001140
5993364
5996328
5999538
6007860
6002964
15002454
5999826
5996460
6005088
5998536
5990772
6001050
5993082
14993958
5996802
6000816
5994756
6001872
5999610
5998986
6001038
5994552
5999940
5992518
5998386
5994576
6001020
6004614
5997942
5998266
6011124
6004266
5998758
6002346
6001560
6001194
9006264
5995626
5992050
6007014
6001944
5998008
5995200
5992842
5998782
6006912
5995308
6001518
5997570
6002730
5990898
5997210
5998020
5992644
5994408
5998122
27007158
6001068
5998392
26994870
6004422
6001344
5993358
5994546
6003006
5993742
5992254
5997804
5993988
6001308
5998734
6000630
5996724
5995338
6000054
5999304
5999652
5998854
5998584
5999598
6000798
6001830
5998974
6001896
6001404
5992854
5992614
5999196
5999220
5995320
6002952
5998830
5997834
5996100
5996238
5996676
6003102
5998902
5999148
6007548
5990322
6004098
5992536
5992050
5995788
9003516
5999502
6003804
5999760
5997540
5998374
5999388
5997066
6000468
6003468
6004686
15001554
5997540
5997048
6003702
5993580
5997348
5998848
6000246
6000048
5996244
6000198
5998008
5997678
26990226
5995332
5994702
5998806
5997108
8996148
5997846
5994924
6001644
6002700
5996268
6002190
6005958
5993868
6000936
6000144
5998176
6002460
6003360
5998542
6004326
5998332
5990490
6003672
5995116
9009882
5998026
6015276
5997930
6003390
5998578
5995026
5997066
5999238
6000162
5997684
5993958
6000534
6000000
5996586
6007032
5997810
6004014
6001560
6001302
5996172
5997558
6001584
5996454
6000342
5999628
6001368
8998878
6002730
5995026
5999436
6000468
6001800
5999532
6000018
6003300
6004956
6001404
5997522
5997996
6000738
9000366
6005640
5992794
6004242
6001896
6001596
5995992
6001272
5999382
6001662
5999994
6003822
6006756
5996736
6009642
6003954
6000516
5997552
8991144
6001980
6003804
6002616
6001674
5993826
5998332
6005958
5999814
5995362
6002238
6002634
5990250
6001362
5991468
5997996
8993514
6003840
5990370
6004704
5997648
5993028
5999844
6000450
5998554
6003852
6001296
5999970
5994630
6006846
6002610
5998200
6002190
6002580
6001410
5996304
5999478
5992140
5996622
5996256
5997168
5998704
6002346
6008244
6001890
5999484
5996688
5997858
5995314
6001140
5994864
6004302
6015822
5999838
5998914
6045792
6004866
5998938
5990736
6000606
6003534
5999472
6004050
5998566
6001338
6007578
5996250
5997282
5999640
5998038
6007692
6000726
6000498
5994594
5994378
27002676
6003600
5997894
6004032
6001188
5999826
5998266
8995176
6000582
5995182
5999928
14994726
5998452
5995134
5998950
5995068
6001596
6000066
5998974
5998218
5998800
6008454
6002424
6003372
6001740
5995368
5999634
5998728
6001848
6000072
6000192
5999718
6002046
6004050
5997168
6003960
5998398
6001182
5990994
6001128
5997432
5994924
6004872
6003744
5994750
5995884
5996724
5995488
6000420
6001266
6002634
5996556
6005118
6002460
5997000
5998062
5997354
5994804
14987208
5999670
5996460
6002304
5997696
6006132
6006972
6009996
6000990
6001854
5997402
6004068
5999472
6006060
6002178
6000066
5998176
6000924
5995896
6002502
14999268
6000228
6006798
5998116
5998710
6008844
5999166
6007710
5992212
26990292
5997636
5998926
6003564
14996808
6000858
5992542
6001782
5996460
5997102
5995116
6000312
5999754
5997984
5991270
5995728
5996118
5995626
5995692
5995374
6002784
5999622
5998476
26989350
6002478
5998044
6000702
6006378
6003132
27017982
6006864
6000636
5995302
5997240
6000312
6000240
5993976
5995758
6002280
5996562
5996274
6002502
26991384
6001164
5995746
5998788
5998332
6003036
6001884
6001452
5996796
5999118
5993970
6002988
6004254
5998542
5997342
27000594
6000936
5995890
5999946
5997420
5998128
5995152
5995986
5998674
5987862
5993448
6002346
5997024
5995722
5987100
6004170
9002592
6007086
5995122
5999076
6002052
5996448
6004056
6004326
5995002
5999004
6007632
5993862
6000030
6003648
6005178
6005118
5999556
5993100
6001716
5999856
6002538
5997306
6002010
8998194
6000654
5997264
5998476
6001164
6001590
5996490
6001698
6000984
26991978
6002910
5993040
6005322
5993712
6004782
6003792
6003708
6001500
6003654
6003294
6004782
5993292
5997480
6008214
5995038
6001566
5997132
5996112
5998008
14991198
5996634
6000444
6000204
6004182
9002976
6005574
5994648
6005544
5996382
5994654
5999796
5991240
5990328
5995092
5994228
5991606
6003942
6000012
5997588
5999364
6003090
5997702
6007146
5996238
6004932
6006624
6002844
5999730
6001110
6008718
6001122
6006672
27014112
5996802
5997510
6000036
5999562
5999298
5996538
6001410
5993622
14999802
9000228
5998224
5994720
6000450
6003510
6001086
5991816
6009372
6002358
6002832
6000426
6009876
6003798
5988594
5999082
9001368
5997918
5995320
6002586
5995806
5993508
6002598
5988066
5999748
5999004
6008124
6008880
6001086
5995602
5998284
5995866
5995806
5997054
6004368
5998164
5999022
5999838
5994192
5996010
6000978
6005328
5997432
5994678
5999946
5998170
5998110
5999970
5994516
5995470
5999388
5996370
5995896
5999934
5998794
6006408
5999748
6004386
5992230
6010686
6000894
6003618
5996916
14990802
6003438
6001362
5999682
5997750
5993820
6000444
5997942
6001626
5999988
6005394
5995662
5992398
6001746
5999286
6008112
5997006
5998344
6002484
5997708
5997288
5996796
6003180
5993970
6002124
6002808
5998296
5999742
6001434
5990406
5999196
6006426
5994918
5998410
5993682
5994786
6009024
5998590
5999448
5995914
6006726
6000498
6000630
5996538
5999790
5996910
5991024
5998218
26982996
5998530
5999244
5995764
6003078
5995362
5998452
5990646
5993274
5995674
5999712
15002838
5995620
5999736
6000558
6006606
5995500
5998416
6002532
5998818
14998686
6003606
6000636
6001806
6005130
6003696
6000000
6002670
27002196
6001884
5998014
5998788
6008088
6005028
5995764
6001362
5997804
5998356
5996436
5999124
5998644
6000600
5995632
6004134
5992740
5994030
6008214
5996160
5998260
5999172
5997888
6001560
6001170
5998680
5988924
5996772
6001332
27000378
6001464
5994384
9003210
26991330
8995560
5997858
6003558
5993472
5997906
6000534
5996766
6002736
6001014
5994018
5997834
5995638
5999046
5998506
6004290
6000852
6000228
6002388
5998590
5999898
15003516
5997774
5999922
5992698
5995248
6003162
5983674
5997834
5998062
5999622
6007206
6002244
5996292
5996442
5999418
6000072
6001746
6003882
5993034
5999994
5999424
5999604
5999406
5999172
5993634
6001236
6037950
5999094
5998344
6001824
6002520
6001146
6007044
6001206
5990670
5999202
6010002
6001566
6000900
5998314
5999532
6002988
6000066
5996028
6004170
5997726
5992782
5997744
5990514
6005604
6001326
5999316
5997234
5996172
5999232
5995764
6000072
6001320
5993346
5988972
5997798
6001998
5997798
5998884
6004824
15012066
6000216
5993538
6004662
6005466
5999364
6001326
6002682
6000528
5993874
5993574
5996190
5998992
6003258
5991600
9000258
6000264
5999412
5996478
6003498
6000414
6000546
6003558
6004164
5997276
6003684
5999094
6000114
5994630
6003558
5999352
5999736
5999112
5995728
6004278
5995944
5995824
5998692
6003816
5995638
5998980
6002994
5996862
5997030
6000762
5995692
5995704
8990112
6010938
5989632
5995272
6002298
6002370
15004098
6000102
5998098
6003834
6005478
6005538
5996472
5992458
5989878
14988522
6009156
5997174
6002106
6004422
5999172
5996844
5999820
5996520
5994024
6002334
6002142
5998776
5989176
6001524
6000036
5998542
6005232
6000702
26988840
5995806
5998104
6001434
5992464
5993010
8998194
5992242
5993634
5989290
5995032
5999964
6002688
5994546
6004524
5996040
5995164
5994966
5993436
5998536
5999628
5995752
5999256
8994666
5993124
5999790
5996430
6007284
5992050
6012162
6002298
5999250
5997828
6001476
27016830
6009594
6007122
6003876
5995488
5998836
5994384
6003282
9005046
5996040
5997186
5991726
6001968
6000372
5998998
5999556
5997174
6004842
6000918
5998626
5996538
5999628
6002892
5997594
5999790
5999364
5995218
5991834
6001572
6001698
6000198
15005058
5998872
5998866
6001908
5993820
5998182
5998728
6000168
5993694
5993598
5997666
15019872
5995344
6003276
8997708
5999892
6006768
6001056
5998986
6002184
6000540
6000960
5999304
27013302
9001038
5998356
8998722
8999580
5994750
6007158
5998422
5999940
5992074
6000996
6004500
6000822
6005598
5997036
5993352
6000870
5999652
5999142
5998530
5993994
8992032
6004698
5999172
5997096
5998644
5993976
6000648
6000648
5996178
5993784
6000108
5997324
6003072
6000558
6004086
5998086
5996208
6002052
5993490
5998122
6000366
6001824
6003264
6000384
5999202
5999076
6001020
5996880
6000426
5998158
5995740
5993940
5998386
6006216
5997138
5996304
6001740
6006918
5992050
8988804
6000504
5996364
5995446
6000996
5998098
6000030
6006876
5998746
5997312
6001308
6000294
6001002
6001716
5995536
6000864
5997114
6005676
5999742
6008652
5994642
5995212
5998218
6003942
6004410
6006276
5993574
6001218
5995872
5998902
5994648
6000798
5999514
5994930
5998638
5997216
5999784
5992140
5994882
6005670
5991582
15001074
6001524
5993910
5998014
5995440
6001974
5995770
5998152
6002106
6003366
5992800
6002472
6000432
6000012
5990322
5999298
5996868
6000858
6001410
8999670
5995260
6000090
5998464
5995518
5988276
5999046
5998266
5998866
5998866
5989464
6000750
6003474
5997492
6000228
5993832
6002988
5992374
6001506
5995452
5997906
5995488
6007710
6005202
5995764
5994888
8995944
14997216
6003912
6006420
5996214
6005670
6048342
6000000
5999466
5991354
6003942
6001308
5994132
5996064
5996124
6001050
5996826
6002130
6000498
5998128
5999382
5999460
5994888
5993028
6002016
6003216
5997174
6002322
6002466
6004788
5995260
6002466
5996946
5998200
6007062
6001896
5995650
6006510
6000696
5995440
6007842
5999172
5998758
6001230
5997090
14996400
6342972
5999622
5997762
6002676
6003684
5996592
6005520
6000144
6017214
6004260
5996970
5994762
5995848
6002190
5999724
5994372
5995818
5997996
6002586
6002760
5999178
6003762
5997582
5991408
6005028
5998842
14997636
5999424
5998350
5994366
6001290
5999640
5994576
5994738
5996142
6001266
5999730
6004146
6000780
5997894
5996490
6004422
6001356
5999082
5999634
6001038
5990244
5997504
5996310
5996154
5995248
5999400
6002292
6007350
5997762
5990832
6000978
6000354
5998536
5995284
5999160
6004008
5998350
5992824
5994006
5998230
6000246
5996766
5994318
5997822
6000222
6005946
6004548
5994882
5991858
6000096
5996886
6000492
5996934
6003738
15002406
5991822
5996910
5999874
6004692
5993844
5999070
5991576
5997048
6002052
6005412
6001350
5997744
5992740
6002622
5998278
5998764
6001716
14990232
6003642
5996628
5998674
6003534
5998632
6004140
6005346
6005100
6002652
5996022
5998392
6002370
5997090
5998776
5992692
6000990
5998998
5997552
5999862
6002478
5995410
14992842
5995884
6001182
6001008
6000744
6005994
6001776
5995152
5992374
5996556
5992422
6000972
6005472
5996688
5995758
5992392
5997486
5993196
5999226
5998578
5999040
5998788
15007644
5993940
5996628
5996712
5993166
5998896
6007518
5993076
5996748
5999388
9000912
5998866
6000906
6000516
6001068
6003054
26991768
5998704
9007752
6004698
5993748
15007482
6000450
5998776
6000924
6008934
5997600
5997504
6002352
5996874
5999964
26987256
5995176
5999088
5988060
5997096
6001944
5981994
6003708
6003762
5999988
6002220
5997420
6000936
6008568
5995524
6001830
5997594
6011634
5994018
6019938
6000096
6004398
6005790
6002952
5996556
5997336
5994324
5996298
6001632
6000384
5998506
5997732
5997714
6002898
5990694
6004848
6001152
5998494
6001644
8989548
5997948
6002856
5994816
6001044
5997318
5997474
5997144
5998776
5997552
6000402
5996034
6000792
6005496
5999784
6003810
5996778
5997012
6000150
5999112
5997396
6001110
5994264
6002670
5998992
6003090
6004338
6002562
5997252
6001392
5995458
5995536
14991456
5999406
5998746
5993892
5999898
5999514
27003918
6009228
6002664
5996118
6002454
5992290
5992020
5999766
5998398
6000852
6006492
5994492
6000636
6000222
6000720
8996400
6003756
6006198
5996826
6003738
5998104
5993892
5997096
5998104
5996640
5998458
5999760
5996070
5998686
5999886
5999718
5995446
5999610
6001890
5997312
5986734
5995806
27007062
6000828
5991432
5995404
6000564
6008466
5998428
6003432
5990694
6001176
26999418
6003582
6002712
6000552
5989626
6001032
5991798
6003354
6006030
6002514
5992854
5997144
6003012
5997606
5997354
6000192
5998872
8995206
5994582
6001890
5995362
5998860
6000012
6000738
5991726
6000198
6001890
5999088
5995794
5997072
6012474
6002436
6001428
5999574
6005928
5998374
5997942
14987166
6001044
6000594
5988648
6001224
5999214
6004842
5996100
6006006
5994552
6003288
5996892
5993964
6001590
6005652
5997234
6003306
6001236
5999334
6000630
5999760
6002052
6001140
5998062
5999052
6004686
6003084
5996388
5997630
5997474
6005244
14998410
6000048
6006228
14993592
5998842
6001230
5996562
6007092
6004680
5996166
6010608
6003972
6002514
5998392
5997720
6002688
6003606
6005016
6003642
6004440
5999940
5993274
6003612
6003738
5996886
5993442
6000426
6002196
5994996
5991378
5999448
6000288
5993418
6000762
5995164
5994390
5996316
5998530
5991306
6005844
5997564
5998548
5998938
6003702
5996700
6003036
5999094
5997246
6000468
9000876
6002562
5999148
5993286
5998278
6002094
5992614
5997456
5999160
6011358
5994660
6002472
6001080
6002622
26995992
6000924
8997948
6007914
5998212
5994888
5999514
6000552
5994972
6004836
5999382
6001632
5997816
6000714
5998938
5997132
6009090
5995794
6001116
6001098
5994948
5999214
5994168
5995674
5998548
5997804
27002700
9000360
5995914
5995704
5999712
8989566
6002202
5994930
5998494
5999874
6002448
6003702
6004368
6002580
5996544
6002346
5998644
5998476
6002172
6004494
5998194
5993700
5997666
6005916
8994804
5996550
6004674
6001362
5996766
5998110
6000774
6000852
5995320
6000498
6002130
6002298
6002652
5996352
6009054
5992002
5992656
6001236
5999952
6000132
6001980
5991162
5992980
5992032
9009246
5999280
5997486
5992704
5997960
5998200
5999598
6000210
6002838
6001830
5999898
5998278
6002346
6002370
5998674
5993208
6002406
5997222
5995104
6001878
6004458
6002544
6000180
5997942
6006678
5995824
5995962
6002160
6006324
5994474
6002376
5993676
5996112
6003054
5999184
5998188
5989680
6002094
6003228
5997786
6002610
9002532
5998656
